[
	{
		"block": "minecraft:magma:0",
		"distrib": "0,0.0;22,0.0;23,0.004421875;24,0.0185625;25,0.040734377;26,0.056859374;27,0.06365625;28,0.060203124;29,0.0546875;30,0.053375;31,0.047421876;32,0.043875;33,0.03946875;34,0.03003125;35,0.017734375;36,0.007515625;37,0.001296875;38,0.0;",
		"silktouch": false,
		"dim": "the_nether"
	},
	{
		"block": "minecraft:soul_sand:0",
		"distrib": "0,0.0;17,0.0;18,5.3125E-4;19,0.0033125;20,0.012765625;21,0.01428125;22,0.014546875;23,0.013328125;24,0.002421875;25,0.002453125;26,0.002453125;27,0.002796875;28,0.002734375;29,0.00325;30,0.00275;31,0.001953125;32,0.00125;33,0.001171875;34,0.00103125;35,0.001078125;36,0.001703125;37,0.002109375;38,0.002078125;39,0.00190625;40,0.001734375;41,0.001671875;42,0.00171875;43,0.00221875;44,0.002078125;45,0.00159375;46,7.03125E-4;47,5.0E-4;48,9.6875E-4;49,0.001390625;50,0.001375;51,0.001140625;52,7.5E-4;53,2.65625E-4;54,9.375E-5;55,4.6875E-5;56,3.90625E-4;57,0.001890625;58,0.00684375;59,0.013234375;60,0.01590625;61,0.01428125;62,0.0145;63,0.014953125;64,0.01440625;65,0.0093125;66,0.0;",
		"silktouch": false,
		"dim": "the_nether"
	},
	{
		"block": "minecraft:chest:0",
		"distrib": "0,0.0;49,0.0;50,1.5625E-5;51,0.0;",
		"silktouch": false,
		"dropsList": [
			{
				"itemStack": "minecraft:chest:0",
				"fortunes": {
					"0": 1.0,
					"1": 1.0,
					"2": 1.0,
					"3": 1.0
				}
			}
		],
		"dim": "the_nether"
	},
	{
		"block": "rftools:dimensional_shard_ore:1",
		"distrib": "0,0.0;1,1.25E-4;2,2.8125E-4;3,6.09375E-4;4,8.59375E-4;5,5.9375E-4;6,7.5E-4;7,8.4375E-4;8,0.00159375;9,9.6875E-4;10,9.375E-4;11,6.875E-4;12,0.001078125;13,8.75E-4;14,8.125E-4;15,9.0625E-4;16,8.28125E-4;17,9.21875E-4;18,7.5E-4;19,8.90625E-4;20,7.5E-4;21,5.3125E-4;22,7.65625E-4;23,5.9375E-4;24,4.375E-4;25,5.15625E-4;26,4.0625E-4;27,3.4375E-4;28,1.71875E-4;29,2.03125E-4;30,1.5625E-4;31,2.8125E-4;32,2.96875E-4;33,3.90625E-4;34,1.25E-4;35,1.09375E-4;36,2.1875E-4;37,3.4375E-4;38,1.25E-4;39,0.0;",
		"silktouch": true,
		"dropsList": [
			{
				"itemStack": "rftools:dimensional_shard:0",
				"fortunes": {
					"0": 3.0031,
					"1": 3.9826,
					"2": 5.2925,
					"3": 6.556
				}
			}
		],
		"dim": "the_nether"
	},
	{
		"block": "minecraft:bedrock:0",
		"distrib": "0,1.0;1,0.79975;2,0.5998125;3,0.40126562;4,0.20173438;5,0.0;122,0.0;123,0.005765625;124,0.0114375;125,0.0163125;126,0.0225;127,0.028;128,0.0;",
		"silktouch": true,
		"dim": "the_nether"
	},
	{
		"block": "minecraft:quartz_ore:0",
		"distrib": "0,0.0;6,0.0;7,0.001546875;8,0.00425;9,0.007375;10,0.0099375;11,0.01078125;12,0.0095;13,0.007875;14,0.009234375;15,0.010625;16,0.010609375;17,0.009921875;18,0.0101875;19,0.01003125;20,0.009453125;21,0.0093125;22,0.00925;23,0.008859375;24,0.00559375;25,0.005046875;26,0.004203125;27,0.003828125;28,0.0035;29,0.00315625;30,0.003390625;31,0.003234375;32,0.002546875;33,0.002140625;34,0.002328125;35,0.002390625;36,0.002296875;37,0.002671875;38,0.002125;39,0.00153125;40,0.001953125;41,0.001875;42,0.002078125;43,0.002765625;44,0.00240625;45,0.00284375;46,0.003703125;47,0.00328125;48,0.002859375;49,0.00325;50,0.00228125;51,0.00190625;52,0.002015625;53,0.00271875;54,0.003953125;55,0.00415625;56,0.003484375;57,0.003015625;58,0.002890625;59,0.003078125;60,0.002984375;61,0.003296875;62,0.003859375;63,0.003859375;64,0.00409375;65,0.004234375;66,0.00575;67,0.00609375;68,0.004234375;69,0.003453125;70,0.003890625;71,0.004765625;72,0.005125;73,0.00515625;74,0.004671875;75,0.004875;76,0.0049375;77,0.004953125;78,0.004953125;79,0.004796875;80,0.005453125;81,0.005015625;82,0.004390625;83,0.00415625;84,0.004390625;85,0.00396875;86,0.004734375;87,0.00559375;88,0.006359375;89,0.006546875;90,0.00559375;91,0.004484375;92,0.004453125;93,0.005578125;94,0.005765625;95,0.00515625;96,0.00553125;97,0.006;98,0.006140625;99,0.0053125;100,0.005671875;101,0.00540625;102,0.00590625;103,0.00490625;104,0.004109375;105,0.0050625;106,0.006375;107,0.007703125;108,0.00809375;109,0.007046875;110,0.008546875;111,0.0104375;112,1.25E-4;113,6.25E-5;114,0.0;115,9.375E-5;116,1.25E-4;117,1.5625E-5;118,0.0;",
		"silktouch": true,
		"dropsList": [
			{
				"itemStack": "minecraft:quartz:0",
				"fortunes": {
					"0": 1.0,
					"1": 1.3395,
					"2": 1.7538,
					"3": 2.2027
				}
			}
		],
		"dim": "the_nether"
	},
	{
		"block": "thermalfoundation:ore_fluid:3",
		"distrib": "0,0.0;6,0.0;7,2.03125E-4;8,3.125E-4;9,3.28125E-4;10,4.0625E-4;11,9.0625E-4;12,8.125E-4;13,6.71875E-4;14,7.5E-4;15,6.40625E-4;16,4.6875E-4;17,3.125E-4;18,4.6875E-4;19,5.46875E-4;20,4.0625E-4;21,2.8125E-4;22,6.5625E-4;23,9.53125E-4;24,3.125E-4;25,2.03125E-4;26,1.5625E-4;27,2.5E-4;28,1.25E-4;29,2.1875E-4;30,2.03125E-4;31,2.96875E-4;32,4.0625E-4;33,9.375E-5;34,0.0;35,3.125E-5;36,1.5625E-4;37,2.65625E-4;38,1.25E-4;39,0.0;",
		"silktouch": true,
		"dropsList": [
			{
				"itemStack": "thermalfoundation:material:894",
				"fortunes": {
					"0": 1.0,
					"1": 1.4972,
					"2": 2.0097,
					"3": 2.5075
				}
			}
		],
		"dim": "the_nether"
	},
	{
		"block": "minecraft:nether_brick:0",
		"distrib": "0,0.0;22,0.0;23,4.375E-4;24,9.6875E-4;25,0.001171875;26,0.001234375;27,0.0014375;28,0.001671875;29,0.0019375;30,0.002296875;31,0.002875;32,0.003671875;33,0.003921875;34,0.00409375;35,0.00428125;36,0.0044375;37,0.004515625;38,0.004625;39,0.0046875;40,0.00471875;41,0.004765625;42,0.0048125;43,0.004828125;44,0.00484375;45,0.004859375;46,0.004875;47,0.004921875;48,0.005015625;49,0.005109375;50,0.00496875;51,0.004859375;52,0.004921875;53,0.004;54,0.004015625;55,0.004203125;56,0.004578125;57,0.005609375;58,0.0054375;59,0.00540625;60,0.004859375;61,0.0034375;62,0.003078125;63,0.00234375;64,0.00328125;65,0.004;66,0.002890625;67,0.004171875;68,0.004375;69,0.00165625;70,6.25E-5;71,1.40625E-4;72,1.5625E-4;73,1.5625E-4;74,0.0;",
		"silktouch": false,
		"dim": "the_nether"
	},
	{
		"block": "minecraft:nether_brick_fence:0",
		"distrib": "0,0.0;50,0.0;51,7.8125E-5;52,7.8125E-5;53,1.5625E-5;54,2.65625E-4;55,2.5E-4;56,3.125E-5;57,3.125E-5;58,9.375E-5;59,1.875E-4;60,9.375E-5;61,6.25E-5;62,4.375E-4;63,3.75E-4;64,0.0;65,1.40625E-4;66,3.125E-5;67,6.25E-5;68,6.25E-5;69,0.0;",
		"silktouch": false,
		"dropsList": [
			{
				"itemStack": "minecraft:nether_brick_fence:0",
				"fortunes": {
					"0": 1.0,
					"1": 1.0,
					"2": 1.0,
					"3": 1.0
				}
			}
		],
		"dim": "the_nether"
	},
	{
		"block": "minecraft:glowstone:0",
		"distrib": "0,0.0;42,0.0;43,1.5625E-5;44,1.09375E-4;45,1.875E-4;46,1.5625E-4;47,4.6875E-5;48,1.5625E-5;49,1.5625E-5;50,7.8125E-5;51,1.5625E-4;52,7.8125E-5;53,0.0;56,0.0;57,1.09375E-4;58,9.375E-5;59,1.40625E-4;60,1.5625E-4;61,2.96875E-4;62,3.90625E-4;63,1.71875E-4;64,2.65625E-4;65,3.4375E-4;66,9.0625E-4;67,7.5E-4;68,6.25E-4;69,5.46875E-4;70,3.28125E-4;71,3.90625E-4;72,2.5E-4;73,5.3125E-4;74,2.65625E-4;75,3.28125E-4;76,3.90625E-4;77,5.78125E-4;78,3.28125E-4;79,5.15625E-4;80,3.28125E-4;81,1.40625E-4;82,7.8125E-5;83,7.8125E-5;84,1.875E-4;85,2.96875E-4;86,0.0;87,0.0;88,4.6875E-5;89,4.6875E-5;90,1.09375E-4;91,0.0;92,3.125E-5;93,1.5625E-4;94,6.25E-5;95,2.8125E-4;96,4.0625E-4;97,2.03125E-4;98,2.03125E-4;99,3.125E-4;100,2.5E-4;101,6.25E-5;102,2.1875E-4;103,3.90625E-4;104,4.84375E-4;105,4.375E-4;106,5.3125E-4;107,1.25E-4;108,9.375E-5;109,2.34375E-4;110,1.5625E-5;111,0.0;",
		"silktouch": true,
		"dropsList": [
			{
				"itemStack": "minecraft:glowstone_dust:0",
				"fortunes": {
					"0": 2.9997,
					"1": 3.3396,
					"2": 3.5575,
					"3": 3.6668
				}
			}
		],
		"dim": "the_nether"
	},
	{
		"block": "thermalfoundation:fluid_glowstone:0",
		"distrib": "0,0.0;6,0.0;7,4.6875E-5;8,3.125E-5;9,6.25E-5;10,3.125E-5;11,6.25E-5;12,1.875E-4;13,6.25E-5;14,1.875E-4;15,9.375E-5;16,6.25E-5;17,4.6875E-5;18,7.8125E-5;19,9.375E-5;20,1.5625E-5;21,6.25E-5;22,7.8125E-5;23,1.40625E-4;24,1.5625E-5;25,1.5625E-5;26,0.0;27,0.0;28,1.5625E-5;29,7.8125E-5;30,3.125E-5;31,1.5625E-5;32,3.125E-5;33,3.125E-5;34,0.0;35,1.5625E-5;37,1.5625E-5;38,0.0;",
		"silktouch": false,
		"dim": "the_nether"
	},
	{
		"block": "minecraft:air:0",
		"distrib": "0,0.0;1,0.0;2,0.0025;3,0.003875;4,0.005453125;5,0.007046875;6,0.006109375;7,0.00496875;8,0.005953125;9,0.006296875;10,0.007671875;11,0.0128125;12,0.0150625;13,0.01703125;14,0.0159375;15,0.018625;16,0.019234374;17,0.01765625;18,0.02;19,0.022;20,0.022875;21,0.030265626;22,0.088703126;23,0.20465624;24,0.42979687;25,0.4622656;26,0.51365626;27,0.57435936;28,0.6232031;29,0.66771877;30,0.69979686;31,0.72445315;32,0.74325;33,0.7414219;34,0.74428123;35,0.75675;36,0.7704531;37,0.7820625;38,0.7890781;39,0.79234374;40,0.79357815;41,0.7893438;42,0.77753127;43,0.7602969;44,0.73814064;45,0.7181719;46,0.70404685;47,0.6985469;48,0.691875;49,0.6960625;50,0.699875;51,0.7077031;52,0.714375;53,0.7193281;54,0.71189064;55,0.7068125;56,0.705625;57,0.6968125;58,0.687875;59,0.6785;60,0.6736406;61,0.66679686;62,0.64465624;63,0.6248906;64,0.6060156;65,0.5985938;66,0.59365624;67,0.58146876;68,0.56053126;69,0.5393594;70,0.52867186;71,0.501625;72,0.47103125;73,0.46940625;74,0.46979687;75,0.47248438;76,0.4740625;77,0.4809844;78,0.48959374;79,0.5029531;80,0.51035935;81,0.50409377;82,0.49196875;83,0.47515625;84,0.46845314;85,0.45946875;86,0.44848436;87,0.447625;88,0.4493594;89,0.446;90,0.4495;91,0.44557813;92,0.442875;93,0.44276562;94,0.44214064;95,0.44234374;96,0.44134375;97,0.4353594;98,0.436875;99,0.42975;100,0.43282813;101,0.41865626;102,0.3843125;103,0.37184376;104,0.35653126;105,0.27565625;106,0.20545313;107,0.13957812;108,0.08392187;109,0.0516875;110,0.037015624;111,0.022921875;112,0.0010625;113,0.00153125;114,0.00209375;115,0.002765625;116,0.003390625;117,0.003453125;118,0.00275;119,0.00203125;120,0.00159375;121,1.5625E-5;122,0.0;",
		"silktouch": false,
		"dim": "the_nether"
	},
	{
		"block": "minecraft:nether_brick_stairs:0",
		"distrib": "0,0.0;49,0.0;50,3.125E-5;52,3.125E-5;53,0.0;",
		"silktouch": false,
		"dropsList": [
			{
				"itemStack": "minecraft:nether_brick_stairs:0",
				"fortunes": {
					"0": 1.0,
					"1": 1.0,
					"2": 1.0,
					"3": 1.0
				}
			}
		],
		"dim": "the_nether"
	},
	{
		"block": "minecraft:gravel:0",
		"distrib": "0,0.0;62,0.0;63,5.15625E-4;64,0.003171875;65,0.00384375;66,0.0;",
		"silktouch": false,
		"dropsList": [
			{
				"itemStack": "minecraft:flint:0",
				"fortunes": {
					"0": 0.1017,
					"1": 0.1471,
					"2": 0.2488,
					"3": 1.0
				}
			}
		],
		"dim": "the_nether"
	},
	{
		"block": "minecraft:netherrack:0",
		"distrib": "0,0.0;1,0.200125;2,0.39739063;3,0.59425;4,0.79195315;5,0.9923594;6,0.993125;7,0.99239063;8,0.98785937;9,0.9849687;10,0.9809688;11,0.97475;12,0.97335935;13,0.9734687;14,0.97307813;15,0.96910936;16,0.96878123;17,0.9711406;18,0.96796876;19,0.963125;20,0.9537187;21,0.94525;22,0.88598436;23,0.7666094;24,0.5418906;25,0.48759374;26,0.42103124;27,0.35332814;28,0.308375;29,0.26875;30,0.238;31,0.21946874;32,0.20464063;33,0.21132812;34,0.21807812;35,0.21759374;36,0.21320313;37,0.20671874;38,0.20184375;39,0.19953126;40,0.198;41,0.20234375;42,0.21385938;43,0.229875;44,0.2524219;45,0.27234375;46,0.28651562;47,0.29270312;48,0.29926562;49,0.29417187;50,0.29135936;51,0.284125;52,0.27773437;53,0.27367187;54,0.27976564;55,0.2845;56,0.285875;57,0.29251564;58,0.29676563;59,0.29945314;60,0.30235937;61,0.31182814;62,0.33307812;63,0.352875;64,0.36876562;65,0.37951562;66,0.39675;67,0.4074219;68,0.42979687;69,0.4548281;70,0.46703124;71,0.49304688;72,0.5234375;73,0.52475;74,0.52526563;75,0.5223125;76,0.52059376;77,0.5134063;78,0.5050156;79,0.49167186;80,0.48382813;81,0.49070314;82,0.5035469;83,0.52057815;84,0.5269531;85,0.5362656;86,0.54678124;87,0.5467656;88,0.5442188;89,0.54740626;90,0.54476565;91,0.5499375;92,0.5526406;93,0.55148435;94,0.55196875;95,0.5521719;96,0.55270314;97,0.5584375;98,0.5567344;99,0.56459373;100,0.5611875;101,0.575875;102,0.6095469;103,0.62285936;104,0.638875;105,0.71882814;106,0.78764063;107,0.8525938;108,0.9078906;109,0.9410313;110,0.9544219;111,0.96664065;112,0.0268125;113,0.02640625;114,0.02590625;115,0.025140624;116,0.024484375;117,0.02453125;118,0.02525;119,0.02596875;120,0.02640625;121,0.027984375;122,0.028;123,0.022234375;124,0.0165625;125,0.0116875;126,0.0055;127,0.0;",
		"silktouch": false,
		"dim": "the_nether"
	},
	{
		"block": "minecraft:red_mushroom:0",
		"distrib": "0,0.0;1,0.0;2,1.5625E-5;3,0.0;5,0.0;6,1.5625E-5;7,0.0;9,0.0;10,3.125E-5;11,0.0;15,0.0;16,1.5625E-5;17,0.0;18,1.5625E-5;19,0.0;20,1.5625E-5;22,1.5625E-5;23,0.0;32,0.0;33,3.125E-5;34,3.125E-5;35,1.5625E-5;36,0.0;39,0.0;40,1.5625E-5;41,0.0;49,0.0;50,1.5625E-5;51,0.0;53,0.0;54,1.5625E-5;55,0.0;56,0.0;57,1.5625E-5;58,0.0;62,0.0;63,1.5625E-5;64,0.0;68,0.0;69,4.6875E-5;70,0.0;75,0.0;76,1.5625E-5;77,7.8125E-5;78,1.09375E-4;79,6.25E-5;80,3.125E-5;81,3.125E-5;82,0.0;89,0.0;90,3.125E-5;91,0.0;93,0.0;94,1.5625E-5;95,0.0;97,0.0;98,4.6875E-5;99,0.0;",
		"silktouch": false,
		"dropsList": [
			{
				"itemStack": "minecraft:red_mushroom:0",
				"fortunes": {
					"0": 1.0,
					"1": 1.0,
					"2": 1.0,
					"3": 1.0
				}
			}
		],
		"dim": "the_nether"
	},
	{
		"block": "minecraft:brown_mushroom:0",
		"distrib": "0,0.0;9,0.0;10,1.5625E-5;11,0.0;12,0.0;13,1.5625E-5;14,0.0;31,0.0;32,3.125E-5;33,0.0;51,0.0;52,1.5625E-5;53,0.0;54,0.0;55,3.125E-5;56,1.5625E-5;57,0.0;64,0.0;65,1.5625E-5;66,1.5625E-5;67,3.125E-5;68,3.75E-4;69,1.09375E-4;70,1.5625E-5;71,3.125E-5;72,0.0;80,0.0;81,1.5625E-5;82,1.5625E-5;83,3.125E-5;84,1.5625E-5;85,0.0;86,0.0;87,1.5625E-5;88,1.5625E-5;89,0.0;92,0.0;93,1.5625E-5;94,4.6875E-5;95,4.6875E-5;96,1.5625E-5;97,0.0;98,0.0;99,3.125E-5;100,6.25E-5;101,0.0;102,1.5625E-5;103,0.0;104,0.0;105,1.5625E-5;106,0.0;",
		"silktouch": false,
		"dropsList": [
			{
				"itemStack": "minecraft:brown_mushroom:0",
				"fortunes": {
					"0": 1.0,
					"1": 1.0,
					"2": 1.0,
					"3": 1.0
				}
			}
		],
		"dim": "the_nether"
	},
	{
		"block": "minecraft:coal_ore:0",
		"distrib": "0,0.0;1,2.8125E-4;2,9.21875E-4;3,0.001390625;4,0.001078125;5,0.001375;6,0.001265625;7,0.00125;8,0.00128125;9,0.00115625;10,8.59375E-4;11,5.15625E-4;12,6.875E-4;13,5.625E-4;14,4.84375E-4;15,5.625E-4;16,4.84375E-4;17,3.75E-4;18,2.5E-4;19,1.40625E-4;20,0.0;21,0.0;22,7.8125E-5;23,2.1875E-4;24,2.03125E-4;25,2.03125E-4;26,3.125E-4;27,3.28125E-4;28,6.875E-4;29,8.75E-4;30,7.96875E-4;31,0.001078125;32,0.001359375;33,0.001390625;34,0.00165625;35,0.001515625;36,0.001765625;37,0.00140625;38,0.0014375;39,0.00128125;40,0.001234375;41,0.001046875;42,7.96875E-4;43,6.09375E-4;44,3.28125E-4;45,1.71875E-4;46,1.25E-4;47,0.0;",
		"silktouch": true,
		"dropsList": [
			{
				"itemStack": "minecraft:coal:0",
				"fortunes": {
					"0": 1.0,
					"1": 1.3263,
					"2": 1.7648,
					"3": 2.2162
				}
			}
		],
		"dim": "overworld"
	},
	{
		"block": "minecraft:cobblestone:0",
		"distrib": "0,0.0;1,0.0;2,1.25E-4;3,7.8125E-5;4,9.375E-5;5,1.09375E-4;6,1.25E-4;7,9.375E-5;8,9.375E-5;9,1.25E-4;10,4.6875E-5;16,4.6875E-5;17,3.125E-5;18,4.6875E-5;19,0.0;23,0.0;24,1.5625E-5;25,0.0;26,3.125E-5;27,1.09375E-4;28,4.6875E-5;29,7.8125E-5;30,7.8125E-5;31,1.09375E-4;32,1.5625E-4;33,2.03125E-4;34,5.78125E-4;35,0.001421875;36,0.002078125;37,0.002890625;38,0.00315625;39,0.003125;40,0.00309375;41,0.002671875;42,0.00153125;43,0.001015625;44,6.25E-4;45,3.75E-4;46,9.375E-5;47,0.0;",
		"silktouch": false,
		"dim": "overworld"
	},
	{
		"block": "minecraft:stone:5",
		"distrib": "0,0.0;33,0.0;34,1.5625E-5;35,1.09375E-4;36,1.40625E-4;37,1.40625E-4;38,1.71875E-4;39,1.71875E-4;40,2.34375E-4;41,1.5625E-4;42,1.09375E-4;43,4.6875E-5;44,3.125E-5;45,3.125E-5;46,0.0;",
		"silktouch": false,
		"dim": "overworld"
	},
	{
		"block": "minecraft:stone:3",
		"distrib": "0,0.0;34,0.0;35,4.6875E-5;36,1.40625E-4;37,1.5625E-4;38,2.1875E-4;40,2.1875E-4;41,1.40625E-4;42,7.8125E-5;43,6.25E-5;44,3.125E-5;45,3.125E-5;46,0.0;",
		"silktouch": false,
		"dim": "overworld"
	},
	{
		"block": "thermalfoundation:ore_fluid:0",
		"distrib": "0,0.0;14,0.0;15,1.5625E-5;16,0.0;27,0.0;28,1.5625E-5;29,0.0;35,0.0;36,1.5625E-5;37,0.0;",
		"silktouch": true,
		"dropsList": [
			{
				"itemStack": "thermalfoundation:material:892",
				"fortunes": {
					"0": 1.0,
					"1": 1.4976,
					"2": 2.0003,
					"3": 2.4961
				}
			}
		],
		"dim": "overworld"
	},
	{
		"block": "minecraft:bedrock:0",
		"distrib": "0,1.0;1,0.66665626;2,0.0;",
		"silktouch": true,
		"dim": "overworld"
	},
	{
		"block": "minecraft:iron_ore:0",
		"distrib": "0,0.0;1,3.125E-5;2,1.5625E-4;3,7.8125E-5;4,1.25E-4;5,9.375E-5;6,2.65625E-4;7,1.5625E-4;8,1.71875E-4;9,6.25E-5;10,1.25E-4;11,1.40625E-4;12,4.6875E-5;13,6.25E-5;14,9.375E-5;15,1.5625E-4;16,7.8125E-5;17,9.375E-5;18,4.6875E-5;19,1.5625E-5;20,0.0;22,0.0;23,1.5625E-5;24,4.6875E-5;25,1.5625E-5;26,1.5625E-5;27,4.6875E-5;28,1.5625E-5;29,1.09375E-4;30,1.25E-4;31,1.25E-4;32,9.375E-5;33,1.71875E-4;34,1.71875E-4;35,2.1875E-4;36,2.8125E-4;37,3.125E-4;38,3.125E-4;39,1.5625E-4;40,2.1875E-4;41,3.75E-4;42,1.71875E-4;43,1.25E-4;44,1.09375E-4;45,1.5625E-5;46,0.0;",
		"silktouch": false,
		"dim": "overworld"
	},
	{
		"block": "thermalfoundation:ore_fluid:1",
		"distrib": "0,0.0;3,0.0;4,1.5625E-5;5,0.0;7,0.0;8,1.5625E-5;9,0.0;27,0.0;28,1.5625E-5;29,0.0;37,0.0;38,1.5625E-5;39,0.0;",
		"silktouch": true,
		"dropsList": [
			{
				"itemStack": "thermalfoundation:material:892",
				"fortunes": {
					"0": 1.0,
					"1": 1.5009,
					"2": 1.9938,
					"3": 2.5116
				}
			}
		],
		"dim": "overworld"
	},
	{
		"block": "minecraft:lapis_ore:0",
		"distrib": "0,0.0;1,1.5625E-5;2,3.125E-5;3,4.6875E-5;4,7.8125E-5;5,1.5625E-5;6,4.6875E-5;7,3.125E-5;8,3.125E-5;9,6.25E-5;10,1.5625E-5;11,3.125E-5;12,3.125E-5;13,0.0;14,4.6875E-5;15,1.5625E-5;16,0.0;17,1.5625E-5;18,0.0;21,0.0;22,1.5625E-5;23,0.0;24,3.125E-5;25,0.0;26,0.0;27,1.5625E-5;30,1.5625E-5;31,3.125E-5;32,3.125E-5;33,6.25E-5;34,7.8125E-5;35,6.25E-5;36,7.8125E-5;37,7.8125E-5;38,6.25E-5;39,4.6875E-5;40,4.6875E-5;41,6.25E-5;42,9.375E-5;43,4.6875E-5;44,3.125E-5;45,0.0;",
		"silktouch": true,
		"dropsList": [
			{
				"itemStack": "minecraft:dye:4",
				"fortunes": {
					"0": 5.9979,
					"1": 8.0302,
					"2": 10.561,
					"3": 13.2246
				}
			}
		],
		"dim": "overworld"
	},
	{
		"block": "minecraft:sand:0",
		"distrib": "0,0.0;1,3.125E-5;2,6.25E-5;3,3.125E-5;4,7.8125E-5;5,1.09375E-4;6,4.6875E-5;7,1.25E-4;8,9.375E-5;9,4.6875E-5;10,1.5625E-5;11,6.25E-5;12,3.125E-5;13,1.5625E-5;14,1.5625E-5;15,3.125E-5;16,1.5625E-5;17,6.25E-5;18,4.6875E-5;19,1.5625E-5;20,0.0;21,0.0;22,1.5625E-5;23,0.0;25,0.0;26,3.125E-5;28,3.125E-5;29,9.375E-5;30,4.6875E-5;31,7.8125E-5;32,1.71875E-4;33,9.375E-5;34,6.25E-5;35,1.09375E-4;36,1.25E-4;37,2.1875E-4;38,1.875E-4;39,1.875E-4;40,1.09375E-4;41,9.375E-5;42,7.8125E-5;43,0.0;44,1.09375E-4;45,1.5625E-5;46,0.0;",
		"silktouch": false,
		"dim": "overworld"
	},
	{
		"block": "minecraft:air:0",
		"distrib": "0,0.0;4,0.0;5,1.5625E-5;6,1.5625E-5;7,0.0;39,0.0;40,3.125E-5;41,3.75E-4;42,0.003265625;43,0.009703125;44,0.017546875;45,0.026640626;46,0.038234375;47,0.0515;48,0.0;",
		"silktouch": false,
		"dim": "overworld"
	},
	{
		"block": "minecraft:gold_ore:0",
		"distrib": "0,0.0;1,1.5625E-5;2,3.125E-5;3,0.0;4,7.8125E-5;5,4.6875E-5;6,0.0;7,1.5625E-5;8,1.09375E-4;9,1.09375E-4;10,0.0;12,0.0;13,7.8125E-5;14,1.5625E-5;15,4.6875E-5;16,3.125E-5;17,3.125E-5;18,1.5625E-5;19,0.0;22,0.0;23,3.125E-5;24,0.0;25,1.5625E-5;26,0.0;27,1.5625E-5;28,4.6875E-5;29,1.5625E-5;30,3.125E-5;31,6.25E-5;32,3.125E-5;33,7.8125E-5;34,7.8125E-5;35,9.375E-5;36,4.6875E-5;37,6.25E-5;38,7.8125E-5;39,6.25E-5;40,4.6875E-5;41,6.25E-5;42,6.25E-5;43,4.6875E-5;44,0.0;45,1.5625E-5;46,0.0;",
		"silktouch": false,
		"dim": "overworld"
	},
	{
		"block": "wasteland_meteors:meteor_chest:0",
		"distrib": "0,0.0;4,0.0;5,1.5625E-5;6,0.0;7,1.5625E-5;8,0.0;9,1.5625E-5;10,0.0;12,0.0;13,1.5625E-5;14,0.0;16,0.0;17,1.5625E-5;18,0.0;26,0.0;27,1.5625E-5;28,0.0;33,0.0;34,1.5625E-5;37,1.5625E-5;38,3.125E-5;39,3.125E-5;40,0.0;41,1.5625E-5;42,1.5625E-5;43,0.0;44,0.0;45,1.5625E-5;46,0.0;",
		"silktouch": false,
		"dropsList": [
			{
				"itemStack": "wasteland_meteors:meteor_chest:0",
				"fortunes": {
					"0": 1.0,
					"1": 1.0,
					"2": 1.0,
					"3": 1.0
				}
			}
		],
		"dim": "overworld"
	},
	{
		"block": "minecraft:stone:1",
		"distrib": "0,0.0;33,0.0;34,1.5625E-5;35,1.25E-4;36,7.8125E-5;37,1.5625E-4;38,2.8125E-4;39,1.09375E-4;40,6.25E-5;41,1.09375E-4;42,9.375E-5;43,7.8125E-5;44,6.25E-5;45,3.125E-5;46,1.5625E-5;47,0.0;",
		"silktouch": false,
		"dim": "overworld"
	},
	{
		"block": "minecraft:gravel:0",
		"distrib": "0,0.0;1,1.5625E-5;2,9.375E-5;3,3.125E-5;4,1.09375E-4;5,1.09375E-4;6,9.375E-5;7,1.09375E-4;8,1.09375E-4;9,3.125E-5;10,6.25E-5;11,0.0;12,7.8125E-5;13,3.125E-5;14,1.5625E-5;15,4.6875E-5;16,1.25E-4;17,3.125E-5;18,3.125E-5;19,1.5625E-5;20,0.0;22,0.0;23,3.125E-5;24,1.5625E-5;25,0.0;26,6.25E-5;27,3.125E-5;28,4.6875E-5;29,6.25E-5;30,7.8125E-5;31,1.25E-4;32,7.8125E-5;33,1.25E-4;34,1.5625E-4;35,1.09375E-4;36,4.6875E-5;37,1.5625E-4;38,2.03125E-4;39,2.34375E-4;40,1.09375E-4;41,1.71875E-4;42,1.25E-4;43,9.375E-5;44,7.8125E-5;45,4.6875E-5;46,0.0;",
		"silktouch": false,
		"dropsList": [
			{
				"itemStack": "minecraft:flint:0",
				"fortunes": {
					"0": 0.1047,
					"1": 0.1425,
					"2": 0.249,
					"3": 1.0
				}
			}
		],
		"dim": "overworld"
	},
	{
		"block": "minecraft:obsidian:0",
		"distrib": "0,0.0;1,0.0;2,3.125E-5;3,4.6875E-5;4,3.125E-5;5,4.6875E-5;6,3.125E-5;7,1.09375E-4;8,6.25E-5;9,7.8125E-5;10,3.125E-5;11,1.5625E-5;12,4.6875E-5;13,1.5625E-5;14,7.8125E-5;15,1.5625E-5;17,1.5625E-5;18,0.0;22,0.0;23,1.5625E-5;24,0.0;26,0.0;27,1.5625E-5;28,0.0;29,0.0;30,4.6875E-5;31,1.5625E-5;32,3.125E-5;33,1.09375E-4;34,4.6875E-5;35,9.375E-5;36,3.125E-5;37,7.8125E-5;38,7.8125E-5;39,4.6875E-5;40,3.125E-5;41,1.5625E-5;42,3.125E-5;43,3.125E-5;44,0.0;45,1.5625E-5;46,1.5625E-5;47,0.0;",
		"silktouch": false,
		"dim": "overworld"
	},
	{
		"block": "minecraft:ice:0",
		"distrib": "0,0.0;34,0.0;35,4.6875E-5;36,4.6875E-5;37,3.125E-5;38,7.8125E-5;39,6.25E-5;40,9.375E-5;41,9.375E-5;42,1.5625E-5;43,0.0;44,3.125E-5;45,0.0;",
		"silktouch": true,
		"dim": "overworld"
	},
	{
		"block": "minecraft:dirt:0",
		"distrib": "0,0.0;1,4.6875E-5;2,7.8125E-5;3,4.6875E-5;4,6.25E-5;5,7.8125E-5;6,6.25E-5;7,9.375E-5;8,7.8125E-5;9,9.375E-5;10,1.5625E-5;11,4.6875E-5;12,3.125E-5;13,6.25E-5;14,4.6875E-5;15,3.125E-5;16,1.5625E-5;17,6.25E-5;18,3.125E-5;19,1.5625E-5;20,0.0;23,0.0;24,1.5625E-5;25,4.6875E-5;26,0.0;27,3.125E-5;28,4.6875E-5;29,1.5625E-5;30,9.375E-5;31,3.125E-5;32,1.25E-4;33,1.5625E-4;34,9.375E-5;35,1.5625E-4;36,9.375E-5;37,7.8125E-5;38,1.09375E-4;39,1.25E-4;40,7.8125E-5;41,4.6875E-5;42,7.8125E-5;43,1.5625E-5;44,3.125E-5;45,0.0;",
		"silktouch": false,
		"dim": "overworld"
	},
	{
		"block": "wasteland_meteors:meteor_block:0",
		"distrib": "0,0.0;1,2.5E-4;2,6.71875E-4;3,5.625E-4;4,8.75E-4;5,0.001;6,0.001234375;7,0.001296875;8,0.001140625;9,0.0010625;10,0.001703125;11,0.001515625;12,0.001125;13,0.001171875;14,9.375E-4;15,4.84375E-4;16,6.09375E-4;17,6.40625E-4;18,5.78125E-4;19,5.0E-4;20,3.28125E-4;21,1.40625E-4;22,2.65625E-4;23,2.5E-4;24,2.5E-4;25,5.9375E-4;26,8.125E-4;27,8.28125E-4;28,5.46875E-4;29,5.78125E-4;30,9.84375E-4;31,0.001453125;32,0.0014375;33,0.002625;34,0.00353125;35,0.004640625;36,0.0051875;37,0.004609375;38,0.004328125;39,0.00565625;40,0.0061875;41,0.00584375;42,0.005875;43,0.004625;44,0.002234375;45,0.00165625;46,0.00103125;47,3.4375E-4;48,0.0;",
		"silktouch": false,
		"dim": "overworld"
	},
	{
		"block": "minecraft:emerald_ore:0",
		"distrib": "0,0.0;2,0.0;3,1.5625E-5;4,1.5625E-5;5,0.0;6,4.6875E-5;7,1.5625E-5;8,3.125E-5;9,1.5625E-5;10,3.125E-5;11,0.0;12,0.0;13,1.5625E-5;14,0.0;15,0.0;16,1.5625E-5;17,0.0;18,1.5625E-5;19,0.0;21,0.0;22,1.5625E-5;23,0.0;26,0.0;27,1.5625E-5;28,1.5625E-5;29,0.0;30,1.5625E-5;31,0.0;32,3.125E-5;33,0.0;34,1.5625E-5;35,0.0;36,3.125E-5;37,4.6875E-5;38,4.6875E-5;39,1.5625E-5;40,3.125E-5;41,1.5625E-5;42,1.5625E-5;43,3.125E-5;44,1.5625E-5;45,1.5625E-5;46,0.0;",
		"silktouch": true,
		"dropsList": [
			{
				"itemStack": "minecraft:emerald:0",
				"fortunes": {
					"0": 1.0,
					"1": 1.327,
					"2": 1.7569,
					"3": 2.1873
				}
			}
		],
		"dim": "overworld"
	},
	{
		"block": "thermalfoundation:ore:8",
		"distrib": "0,0.0;33,0.0;34,1.5625E-5;35,4.6875E-5;36,7.8125E-5;37,1.09375E-4;38,1.09375E-4;39,1.875E-4;40,7.8125E-5;41,1.5625E-4;42,7.8125E-5;43,1.5625E-5;44,7.8125E-5;45,1.5625E-5;46,0.0;",
		"silktouch": false,
		"dim": "overworld"
	},
	{
		"block": "minecraft:diamond_ore:0",
		"distrib": "0,0.0;1,0.0;2,4.6875E-5;3,0.0;4,1.5625E-5;5,0.0;6,1.5625E-5;7,4.6875E-5;8,4.6875E-5;9,6.25E-5;10,0.0;11,1.5625E-5;12,0.0;13,0.0;14,1.5625E-5;15,3.125E-5;16,4.6875E-5;17,0.0;18,1.5625E-5;19,0.0;26,0.0;27,1.5625E-5;28,3.125E-5;29,0.0;30,1.5625E-5;31,6.25E-5;32,4.6875E-5;33,7.8125E-5;34,3.125E-5;35,3.125E-5;36,1.5625E-5;37,9.375E-5;38,6.25E-5;39,6.25E-5;40,3.125E-5;41,3.125E-5;42,6.25E-5;43,0.0;",
		"silktouch": true,
		"dropsList": [
			{
				"itemStack": "minecraft:diamond:0",
				"fortunes": {
					"0": 1.0,
					"1": 1.3367,
					"2": 1.741,
					"3": 2.2066
				}
			}
		],
		"dim": "overworld"
	},
	{
		"block": "thermalfoundation:ore:6",
		"distrib": "0,0.0;34,0.0;35,3.125E-5;36,6.25E-5;37,1.25E-4;38,1.875E-4;39,2.5E-4;40,9.375E-5;41,4.6875E-5;42,7.8125E-5;43,4.6875E-5;44,4.6875E-5;45,1.5625E-5;46,0.0;",
		"silktouch": false,
		"dim": "overworld"
	},
	{
		"block": "thermalfoundation:ore:7",
		"distrib": "0,0.0;33,0.0;34,7.8125E-5;35,0.0;36,6.25E-5;37,6.25E-5;38,7.8125E-5;39,1.875E-4;40,1.40625E-4;41,1.25E-4;42,7.8125E-5;43,4.6875E-5;44,1.5625E-5;45,0.0;",
		"silktouch": false,
		"dim": "overworld"
	},
	{
		"block": "thermalfoundation:ore:4",
		"distrib": "0,0.0;34,0.0;35,7.8125E-5;36,9.375E-5;37,1.5625E-4;38,1.875E-4;39,1.09375E-4;40,6.25E-5;41,1.25E-4;42,7.8125E-5;43,9.375E-5;44,3.125E-5;45,1.5625E-5;46,3.125E-5;47,0.0;",
		"silktouch": false,
		"dim": "overworld"
	},
	{
		"block": "thermalfoundation:ore:5",
		"distrib": "0,0.0;33,0.0;34,6.25E-5;35,9.375E-5;36,7.8125E-5;37,1.71875E-4;38,1.25E-4;39,6.25E-5;40,9.375E-5;41,1.25E-4;42,6.25E-5;43,3.125E-5;44,4.6875E-5;45,3.125E-5;46,0.0;",
		"silktouch": false,
		"dim": "overworld"
	},
	{
		"block": "thermalfoundation:ore:2",
		"distrib": "0,0.0;33,0.0;34,1.5625E-5;35,4.6875E-5;36,1.09375E-4;37,6.25E-5;38,1.09375E-4;39,1.09375E-4;40,7.8125E-5;41,1.09375E-4;42,1.25E-4;43,7.8125E-5;44,1.5625E-5;45,0.0;",
		"silktouch": false,
		"dim": "overworld"
	},
	{
		"block": "thermalfoundation:ore:3",
		"distrib": "0,0.0;33,0.0;34,1.5625E-5;35,7.8125E-5;36,4.6875E-5;37,1.25E-4;38,1.875E-4;39,1.40625E-4;40,2.03125E-4;41,1.5625E-5;42,6.25E-5;43,7.8125E-5;44,0.0;",
		"silktouch": false,
		"dim": "overworld"
	},
	{
		"block": "thermalfoundation:ore:0",
		"distrib": "0,0.0;34,0.0;35,4.6875E-5;36,1.25E-4;37,1.09375E-4;38,1.40625E-4;39,1.09375E-4;40,7.8125E-5;41,9.375E-5;42,9.375E-5;43,1.5625E-5;44,1.5625E-5;45,3.125E-5;46,0.0;",
		"silktouch": false,
		"dim": "overworld"
	},
	{
		"block": "thermalfoundation:ore:1",
		"distrib": "0,0.0;33,0.0;34,1.5625E-5;35,3.125E-5;36,1.40625E-4;37,1.40625E-4;38,7.8125E-5;39,1.5625E-4;40,1.71875E-4;41,2.1875E-4;42,1.25E-4;43,3.125E-5;44,3.125E-5;45,0.0;",
		"silktouch": false,
		"dim": "overworld"
	},
	{
		"block": "minecraft:clay:0",
		"distrib": "0,0.0;1,1.5625E-5;2,3.125E-5;3,4.6875E-5;4,4.6875E-5;5,6.25E-5;6,1.09375E-4;7,4.6875E-5;8,7.8125E-5;9,3.125E-5;10,1.5625E-5;11,3.125E-5;12,3.125E-5;13,1.5625E-5;14,4.6875E-5;15,3.125E-5;16,3.125E-5;17,1.5625E-5;18,0.0;22,0.0;23,1.5625E-5;24,0.0;25,3.125E-5;26,1.5625E-5;27,3.125E-5;28,1.5625E-5;29,4.6875E-5;30,1.40625E-4;31,4.6875E-5;32,6.25E-5;33,1.25E-4;34,1.09375E-4;35,6.25E-5;36,4.6875E-5;37,6.25E-5;38,4.6875E-5;39,9.375E-5;40,6.25E-5;41,6.25E-5;42,4.6875E-5;44,4.6875E-5;45,6.25E-5;46,0.0;",
		"silktouch": true,
		"dropsList": [
			{
				"itemStack": "minecraft:clay_ball:0",
				"fortunes": {
					"0": 4.0,
					"1": 4.0,
					"2": 4.0,
					"3": 4.0
				}
			}
		],
		"dim": "overworld"
	},
	{
		"block": "ezwastelands:ezwastelandblock:0",
		"distrib": "0,0.0;1,0.33264062;2,0.99771875;3,0.997625;4,0.99729687;5,0.9969219;6,0.9966406;7,0.9965938;8,0.99665624;9,0.9970469;10,0.9970781;11,0.99757814;12,0.99784374;13,0.99790627;14,0.99815625;15,0.9984844;16,0.9984844;17,0.99860936;18,0.9989219;19,0.9992969;20,0.9996719;21,0.9998594;22,0.99960935;23,0.9994219;24,0.9994219;25,0.9990938;26,0.99871874;27,0.99846876;28,0.99842185;29,0.9981094;30,0.99753124;31,0.99678123;32,0.99634373;33,0.99478126;34,0.99314064;35,0.9906875;36,0.988875;37,0.98829687;38,0.98785937;39,0.9869844;40,0.98707813;41,0.98757815;42,0.98665625;43,0.98298436;44,0.97840625;45,0.97075;46,0.96045315;47,0.94815624;48,0.0;",
		"silktouch": false,
		"dim": "overworld"
	},
	{
		"block": "minecraft:packed_ice:0",
		"distrib": "0,0.0;35,0.0;36,6.25E-5;37,4.6875E-5;38,3.125E-5;39,1.5625E-5;40,0.0;41,1.5625E-5;42,1.5625E-5;43,0.0;",
		"silktouch": true,
		"dim": "overworld"
	},
	{
		"block": "minecraft:chorus_plant:0",
		"distrib": "0,0.0;42,0.0;43,1.5625E-5;44,0.0;56,0.0;57,1.09375E-4;58,3.125E-4;59,5.15625E-4;60,8.90625E-4;61,0.0013125;62,0.0015;63,0.002078125;64,7.8125E-5;65,1.40625E-4;66,1.5625E-4;67,1.71875E-4;68,1.5625E-4;69,1.875E-4;70,2.03125E-4;71,1.71875E-4;72,1.875E-4;73,1.71875E-4;74,1.875E-4;76,1.875E-4;77,2.03125E-4;78,1.5625E-4;79,9.375E-5;80,0.0;",
		"silktouch": false,
		"dropsList": [
			{
				"itemStack": "minecraft:chorus_fruit:0",
				"fortunes": {
					"0": 0.4975,
					"1": 0.4992,
					"2": 0.4922,
					"3": 0.4953
				}
			}
		],
		"dim": "the_end"
	},
	{
		"block": "minecraft:air:0",
		"distrib": "0,0.64;10,0.64;11,0.6375781;12,0.61310935;13,0.59001565;14,0.5760625;15,0.5569219;16,0.531875;17,0.508375;18,0.48448437;19,0.46228126;20,0.44096875;21,0.42403126;22,0.411375;23,0.39832813;24,0.38465625;25,0.37082812;26,0.35696876;27,0.34292188;28,0.33120313;29,0.32160938;30,0.3131875;31,0.30540624;32,0.23875;33,0.2335625;34,0.22692187;35,0.22253124;36,0.21946874;37,0.21057813;38,0.2044375;39,0.19879687;40,0.19595313;41,0.197625;42,0.19907813;43,0.2015625;44,0.20317188;45,0.20523438;46,0.20878126;47,0.21245313;48,0.03071875;49,0.03084375;50,0.031203125;51,0.031609375;52,0.032140624;53,0.03209375;54,0.0320625;55,0.032046877;56,0.032109376;57,0.046484374;58,0.0675625;59,0.09979688;60,0.1325625;61,0.15159374;62,0.16575;63,0.18317187;64,0.011890625;65,0.011859375;66,0.01184375;67,0.011828125;68,0.011828125;69,0.0118125;70,0.011796875;71,0.0118125;72,0.011796875;73,0.0118125;74,0.01178125;75,0.011796875;76,0.011796875;77,0.01178125;78,0.011796875;79,0.011859375;80,0.0;",
		"silktouch": false,
		"dim": "the_end"
	},
	{
		"block": "minecraft:end_stone:0",
		"distrib": "0,0.0;10,0.0;11,0.002359375;12,0.02665625;13,0.0498125;14,0.06378125;15,0.08290625;16,0.10721875;17,0.13054687;18,0.15364063;19,0.176;20,0.19757813;21,0.21484375;22,0.2266875;23,0.23951563;24,0.2532344;25,0.26703125;26,0.2809375;27,0.29448438;28,0.30560938;29,0.3145625;30,0.3236875;31,0.3319375;32,0.32684374;33,0.3326875;34,0.33979687;35,0.34396875;36,0.34740624;37,0.35653126;38,0.36226562;39,0.36695313;40,0.36954686;41,0.3676406;42,0.3668281;43,0.36514062;44,0.36339062;45,0.36126563;46,0.35726562;47,0.35314062;48,0.1764375;49,0.17617187;50,0.17607813;51,0.17565624;52,0.17485937;53,0.17498438;54,0.175375;55,0.17546874;56,0.17492187;57,0.15992187;58,0.13892187;59,0.106796876;60,0.07378125;61,0.0549375;62,0.04065625;63,0.0226875;64,0.0;",
		"silktouch": false,
		"dim": "the_end"
	},
	{
		"block": "minecraft:chorus_flower:0",
		"distrib": "0,0.0;60,0.0;61,3.125E-5;63,3.125E-5;64,0.0;67,0.0;68,1.5625E-5;69,0.0;70,0.0;71,1.5625E-5;73,1.5625E-5;74,3.125E-5;75,1.5625E-5;77,1.5625E-5;78,4.6875E-5;79,4.6875E-5;80,0.0;",
		"silktouch": false,
		"dim": "the_end"
	},
	{
		"block": "rftools:dimensional_shard_ore:2",
		"distrib": "0,0.0;10,0.0;11,6.25E-5;12,6.25E-5;13,0.0;14,0.0;15,1.71875E-4;16,7.8125E-5;17,6.25E-5;18,7.8125E-5;19,0.0;20,1.25E-4;21,4.6875E-5;22,7.8125E-5;23,2.65625E-4;24,3.28125E-4;25,1.5625E-4;26,1.875E-4;27,3.90625E-4;28,4.375E-4;29,2.5E-4;30,3.59375E-4;31,1.875E-4;32,2.65625E-4;33,2.5E-4;34,4.0625E-4;35,7.03125E-4;36,5.0E-4;37,3.75E-4;38,1.5625E-4;39,0.0;",
		"silktouch": true,
		"dropsList": [
			{
				"itemStack": "rftools:dimensional_shard:0",
				"fortunes": {
					"0": 2.9926,
					"1": 4.0279,
					"2": 5.2524,
					"3": 6.5807
				}
			}
		],
		"dim": "the_end"
	},
	{
		"block": "extrautils2:enderlilly:0",
		"distrib": "0,0.0;37,0.0;38,3.125E-5;39,0.0;41,0.0;42,3.125E-5;43,0.0;44,1.5625E-5;45,0.0;46,1.5625E-5;47,0.0;55,0.0;56,1.5625E-5;57,6.25E-5;58,6.25E-5;59,1.40625E-4;60,1.5625E-4;61,4.6875E-5;62,6.25E-5;63,3.125E-5;64,3.125E-5;65,0.0;",
		"silktouch": false,
		"dropsList": [
			{
				"itemStack": "minecraft:ender_pearl:0",
				"fortunes": {
					"0": 1.0,
					"1": 1.0,
					"2": 1.0,
					"3": 1.0
				}
			},
			{
				"itemStack": "extrautils2:enderlilly:0",
				"fortunes": {
					"0": 1.0989,
					"1": 1.1371,
					"2": 1.1894,
					"3": 1.2434
				}
			}
		],
		"dim": "the_end"
	},
	{
		"block": "thermalfoundation:ore_fluid:4",
		"distrib": "0,0.0;11,0.0;12,1.71875E-4;13,1.71875E-4;14,1.5625E-4;15,0.0;16,8.28125E-4;17,0.001015625;18,0.001796875;19,0.00171875;20,0.001328125;21,0.001078125;22,0.001859375;23,0.001890625;24,0.00178125;25,0.001984375;26,0.00190625;27,0.002203125;28,0.00275;29,0.003578125;30,0.002765625;31,0.00246875;32,0.002140625;33,0.0015;34,8.75E-4;35,7.96875E-4;36,6.25E-4;37,5.15625E-4;38,0.001109375;39,0.00225;40,0.0025;41,0.002734375;42,0.0020625;43,0.00128125;44,0.001421875;45,0.0015;46,0.0019375;47,0.00240625;48,8.4375E-4;49,9.84375E-4;50,7.1875E-4;51,7.34375E-4;52,0.001;53,9.21875E-4;54,5.625E-4;55,4.84375E-4;56,9.53125E-4;57,0.001421875;58,0.001140625;59,7.5E-4;60,6.09375E-4;61,7.8125E-5;62,0.0;",
		"silktouch": true,
		"dropsList": [
			{
				"itemStack": "thermalfoundation:material:895",
				"fortunes": {
					"0": 1.0,
					"1": 1.5026,
					"2": 1.9973,
					"3": 2.5022
				}
			}
		],
		"dim": "the_end"
	},
	{
		"block": "minecraft:coal_ore:0",
		"distrib": "0,0.0;1,0.0;2,0.005359375;3,0.0099375;4,0.012203125;5,0.012078125;6,0.01434375;7,0.01434375;8,0.01484375;9,0.013578125;10,0.012703125;11,0.013046875;12,0.01290625;13,0.012515625;14,0.012125;15,0.012828125;16,0.01271875;17,0.013109375;18,0.014171875;19,0.0140625;20,0.01390625;21,0.01278125;22,0.013203125;23,0.0135625;24,0.014265625;25,0.013875;26,0.013;27,0.01225;28,0.01190625;29,0.012546875;30,0.013953125;31,0.013046875;32,0.012265625;33,0.011671875;34,0.01103125;35,0.0121875;36,0.0135;37,0.013265625;38,0.012296875;39,0.011875;40,0.01325;41,0.014359375;42,0.013375;43,0.011921875;44,0.0123125;45,0.01453125;46,0.015234375;47,0.014125;48,0.013328125;49,0.012640625;50,0.012921875;51,0.012671875;52,0.01221875;53,0.0120625;54,0.011703125;55,0.01175;56,0.014078125;57,0.013390625;58,0.012828125;59,0.012390625;60,0.0135;61,0.01546875;62,0.0;120,0.0;121,1.71875E-4;122,5.9375E-4;123,8.4375E-4;124,0.00134375;125,0.00121875;126,9.375E-4;127,2.65625E-4;128,0.0;",
		"silktouch": true,
		"dropsList": [
			{
				"itemStack": "minecraft:coal:0",
				"fortunes": {
					"0": 1.0,
					"1": 1.3309,
					"2": 1.7522,
					"3": 2.1789
				}
			}
		],
		"dim": "Deep Dark"
	},
	{
		"block": "minecraft:chest:0",
		"distrib": "0,0.0;22,0.0;23,1.5625E-5;24,0.0;25,0.0;26,3.125E-5;27,0.0;32,0.0;33,3.125E-5;34,0.0;",
		"silktouch": false,
		"dropsList": [
			{
				"itemStack": "minecraft:chest:0",
				"fortunes": {
					"0": 1.0,
					"1": 1.0,
					"2": 1.0,
					"3": 1.0
				}
			}
		],
		"dim": "Deep Dark"
	},
	{
		"block": "minecraft:cobblestone:0",
		"distrib": "0,0.0;21,0.0;22,2.34375E-4;23,3.125E-4;24,3.125E-4;25,6.5625E-4;26,7.8125E-4;27,4.21875E-4;28,4.21875E-4;29,4.53125E-4;30,0.0;31,0.0;32,2.03125E-4;33,4.21875E-4;36,4.21875E-4;37,0.0;45,0.0;46,4.6875E-5;47,1.09375E-4;48,6.25E-5;49,3.125E-5;50,3.125E-5;51,0.0;61,0.0;62,0.9481094;63,0.26925;64,0.098890625;65,0.040984374;66,0.037859377;67,0.03421875;68,0.0323125;69,0.030546876;70,0.025171874;71,0.01678125;72,0.01709375;73,0.017015625;74,0.017296875;75,0.017078126;76,0.01721875;77,0.017;78,0.017328124;79,0.017421875;80,0.017265625;81,0.01709375;82,0.01728125;83,0.016953126;84,0.01715625;85,0.017375;86,0.01709375;87,0.017203124;88,0.017015625;89,0.0166875;90,0.017203124;91,0.017546875;92,0.0181875;93,0.01865625;94,0.01946875;95,0.019828126;96,0.020953124;97,0.022265624;98,0.022734376;99,0.02403125;100,0.02484375;101,0.025890624;102,0.027359376;103,0.029015625;104,0.0306875;105,0.03225;106,0.034515627;107,0.036859374;108,0.0396875;109,0.0431875;110,0.047046874;111,0.0516875;112,0.06490625;113,0.076578125;114,0.0878125;115,0.102125;116,0.122328125;117,0.15240625;118,0.19653125;119,0.287875;120,0.5247344;121,0.987625;122,0.96321875;123,0.940125;124,0.9166875;125,0.89434373;126,0.87215626;127,0.85025;128,0.8295781;129,0.80857813;130,0.78690624;131,0.76684374;132,0.7473438;133,0.7282969;134,0.7093281;135,0.68992186;136,0.67235935;137,0.65601563;138,0.640625;139,0.62578124;140,0.61109376;141,0.59575;142,0.5803281;143,0.56534374;144,0.55009377;145,0.5362812;146,0.5235781;147,0.51128125;148,0.49810937;149,0.48535937;150,0.4729531;151,0.461;152,0.44915625;153,0.43821874;154,0.42721874;155,0.41617188;156,0.406125;157,0.396625;158,0.38710937;159,0.377125;160,0.3671875;161,0.35775;162,0.3485;163,0.33935937;164,0.33125;165,0.32292187;166,0.3154375;167,0.30795312;168,0.30009374;169,0.29223436;170,0.28535938;171,0.27803126;172,0.27084374;173,0.26420313;174,0.25842187;175,0.25189063;176,0.24571875;177,0.23989062;178,0.23392187;179,0.22842188;180,0.22323437;181,0.217875;182,0.2121875;183,0.20675;184,0.20153125;185,0.19592187;186,0.19075;187,0.18610938;188,0.18095313;189,0.176375;190,0.17179687;191,0.16746876;192,0.16321875;193,0.1590625;194,0.15445313;195,0.15051563;196,0.14707813;197,0.143875;198,0.14014062;199,0.13675;200,0.13342187;201,0.13015625;202,0.12726563;203,0.1240625;204,0.121109374;205,0.11809375;206,0.11503125;207,0.11201563;208,0.10929687;209,0.10653125;210,0.10385937;211,0.100859374;212,0.09845313;213,0.096125;214,0.09365625;215,0.09103125;216,0.088875;217,0.08682813;218,0.08454687;219,0.08253125;220,0.0803125;221,0.07817187;222,0.07615625;223,0.074234374;224,0.07239062;225,0.07046875;226,0.0686875;227,0.067109376;228,0.06542187;229,0.0638125;230,0.06196875;231,0.060375;232,0.058984376;233,0.057484373;234,0.055984374;235,0.054578125;236,0.05328125;237,0.051890627;238,0.05053125;239,0.049265627;240,0.0;",
		"silktouch": false,
		"dim": "Deep Dark"
	},
	{
		"block": "thermalfoundation:fluid_redstone:0",
		"distrib": "0,0.0;1,0.0;2,7.8125E-5;3,1.40625E-4;4,1.875E-4;5,1.40625E-4;6,1.25E-4;7,2.03125E-4;8,1.25E-4;9,1.40625E-4;10,1.25E-4;11,1.5625E-4;12,6.25E-5;13,3.125E-5;14,7.8125E-5;15,1.40625E-4;16,9.375E-5;17,9.375E-5;18,6.25E-5;19,0.0;",
		"silktouch": false,
		"dim": "Deep Dark"
	},
	{
		"block": "minecraft:rail:0",
		"distrib": "0,0.0;11,0.0;12,3.125E-5;13,0.0;15,0.0;16,6.25E-5;17,4.6875E-5;18,1.875E-4;19,0.0;22,0.0;23,4.6875E-5;24,0.0;25,1.875E-4;26,0.0;32,0.0;33,6.25E-5;34,4.6875E-5;35,1.25E-4;36,1.25E-4;37,0.0;38,4.375E-4;39,7.65625E-4;40,2.8125E-4;41,1.25E-4;42,0.0;43,9.375E-5;44,3.125E-4;45,0.0;",
		"silktouch": false,
		"dropsList": [
			{
				"itemStack": "minecraft:rail:0",
				"fortunes": {
					"0": 1.0,
					"1": 1.0,
					"2": 1.0,
					"3": 1.0
				}
			}
		],
		"dim": "Deep Dark"
	},
	{
		"block": "thermalfoundation:ore_fluid:0",
		"distrib": "0,0.0;19,0.0;20,1.5625E-5;21,9.375E-5;22,9.375E-5;23,0.0;26,0.0;27,1.25E-4;28,1.5625E-4;29,9.375E-5;30,0.0;32,0.0;33,1.09375E-4;34,2.65625E-4;35,1.71875E-4;36,0.0;56,0.0;57,3.125E-5;58,9.375E-5;59,1.25E-4;60,3.125E-5;61,1.40625E-4;62,0.0;",
		"silktouch": true,
		"dropsList": [
			{
				"itemStack": "thermalfoundation:material:892",
				"fortunes": {
					"0": 1.0,
					"1": 1.5033,
					"2": 1.9809,
					"3": 2.4766
				}
			}
		],
		"dim": "Deep Dark"
	},
	{
		"block": "minecraft:bedrock:0",
		"distrib": "0,1.0;1,1.0;2,0.49809375;3,0.24864063;4,0.0;",
		"silktouch": true,
		"dim": "Deep Dark"
	},
	{
		"block": "minecraft:iron_ore:0",
		"distrib": "0,0.0;1,0.0;2,0.004859375;3,0.0075625;4,0.008671875;5,0.008125;6,0.0081875;7,0.008078125;8,0.009046875;9,0.008296875;10,0.00903125;11,0.0089375;12,0.009375;13,0.008953125;14,0.00875;15,0.007984375;16,0.00940625;17,0.008484375;18,0.00728125;19,0.00815625;20,0.00865625;21,0.007796875;22,0.00921875;23,0.009359375;24,0.008640625;25,0.007546875;26,0.007640625;27,0.007390625;28,0.00684375;29,0.00703125;30,0.007953125;31,0.00765625;32,0.0079375;33,0.00725;34,0.00734375;35,0.007890625;36,0.009015625;37,0.00871875;38,0.00803125;39,0.00709375;40,0.0099375;41,0.00871875;42,0.008328125;43,0.0096875;44,0.008828125;45,0.007953125;46,0.00828125;47,0.007140625;48,0.008140625;49,0.008921875;50,0.009453125;51,0.00925;52,0.009015625;53,0.00871875;54,0.00715625;55,0.008609375;56,0.00903125;57,0.009671875;58,0.009234375;59,0.00890625;60,0.007890625;61,0.006671875;62,0.0;",
		"silktouch": false,
		"dim": "Deep Dark"
	},
	{
		"block": "thermalfoundation:ore_fluid:2",
		"distrib": "0,0.0;1,0.0;2,6.40625E-4;3,8.59375E-4;4,0.0015;5,0.00134375;6,0.001234375;7,0.00171875;8,0.001890625;9,0.001765625;10,0.001765625;11,0.001625;12,0.001015625;13,8.4375E-4;14,8.125E-4;15,0.00103125;16,0.00153125;17,0.0013125;18,6.09375E-4;19,0.0;",
		"silktouch": true,
		"dropsList": [
			{
				"itemStack": "thermalfoundation:material:893",
				"fortunes": {
					"0": 1.0,
					"1": 1.4914,
					"2": 1.9885,
					"3": 2.4826
				}
			}
		],
		"dim": "Deep Dark"
	},
	{
		"block": "thermalfoundation:ore_fluid:1",
		"distrib": "0,0.0;6,0.0;7,1.5625E-4;8,2.1875E-4;9,0.0;10,3.28125E-4;11,4.0625E-4;12,3.59375E-4;13,3.59375E-4;14,1.40625E-4;15,1.25E-4;16,1.875E-4;17,5.0E-4;18,4.84375E-4;19,7.8125E-5;20,2.34375E-4;21,1.875E-4;22,3.59375E-4;23,3.125E-4;24,4.21875E-4;25,6.09375E-4;26,5.625E-4;27,2.34375E-4;28,2.34375E-4;29,3.59375E-4;30,5.0E-4;31,1.25E-4;32,6.25E-5;33,0.0;34,4.6875E-5;35,5.0E-4;36,6.09375E-4;37,3.90625E-4;38,8.125E-4;39,5.3125E-4;40,1.875E-4;41,3.125E-5;42,3.125E-5;43,1.875E-4;44,2.5E-4;45,4.21875E-4;46,6.25E-4;47,8.75E-4;48,4.53125E-4;49,2.5E-4;50,3.4375E-4;51,3.90625E-4;52,7.8125E-5;53,3.4375E-4;54,6.71875E-4;55,0.001;56,6.25E-4;57,3.90625E-4;58,2.1875E-4;59,1.5625E-4;60,2.34375E-4;61,1.5625E-4;62,0.0;",
		"silktouch": true,
		"dropsList": [
			{
				"itemStack": "thermalfoundation:material:892",
				"fortunes": {
					"0": 1.0,
					"1": 1.4883,
					"2": 1.9971,
					"3": 2.4867
				}
			}
		],
		"dim": "Deep Dark"
	},
	{
		"block": "minecraft:lapis_ore:0",
		"distrib": "0,0.0;1,0.0;2,1.40625E-4;3,2.03125E-4;4,2.96875E-4;5,4.53125E-4;6,3.90625E-4;7,5.0E-4;8,6.875E-4;9,5.78125E-4;10,4.21875E-4;11,8.125E-4;12,0.001203125;13,0.001015625;14,5.15625E-4;15,6.40625E-4;16,0.00115625;17,0.001203125;18,8.125E-4;19,6.09375E-4;20,8.28125E-4;21,5.78125E-4;22,7.8125E-4;23,2.96875E-4;24,6.71875E-4;25,4.21875E-4;26,1.5625E-4;27,2.1875E-4;28,1.25E-4;29,3.125E-5;30,0.0;",
		"silktouch": true,
		"dropsList": [
			{
				"itemStack": "minecraft:dye:4",
				"fortunes": {
					"0": 5.9917,
					"1": 7.9239,
					"2": 10.3825,
					"3": 13.1185
				}
			}
		],
		"dim": "Deep Dark"
	},
	{
		"block": "minecraft:monster_egg:0",
		"distrib": "0,0.0;1,0.0;2,1.5625E-4;3,3.75E-4;4,2.8125E-4;5,2.1875E-4;6,1.875E-4;7,4.0625E-4;8,4.53125E-4;9,3.125E-4;10,3.75E-4;11,3.75E-4;12,3.125E-4;13,3.4375E-4;14,3.28125E-4;15,1.875E-4;16,1.40625E-4;17,3.59375E-4;18,1.09375E-4;19,6.25E-5;20,5.3125E-4;21,7.5E-4;22,5.625E-4;23,4.6875E-4;24,4.53125E-4;25,6.40625E-4;26,2.8125E-4;27,5.3125E-4;28,4.53125E-4;29,5.15625E-4;30,5.0E-4;31,5.625E-4;32,2.65625E-4;33,9.375E-5;34,2.34375E-4;35,2.65625E-4;36,2.03125E-4;37,1.40625E-4;38,1.40625E-4;39,3.75E-4;40,3.125E-4;41,1.25E-4;42,4.6875E-5;43,3.125E-4;44,5.78125E-4;45,5.78125E-4;46,2.34375E-4;47,2.65625E-4;48,2.1875E-4;49,7.5E-4;50,7.03125E-4;51,3.75E-4;52,1.5625E-4;53,2.5E-4;54,3.59375E-4;55,3.28125E-4;56,3.75E-4;57,1.875E-4;58,3.75E-4;59,6.875E-4;60,6.71875E-4;61,3.125E-4;62,0.0;",
		"silktouch": true,
		"dim": "Deep Dark"
	},
	{
		"block": "thermalfoundation:fluid_crude_oil:0",
		"distrib": "0,0.0;34,0.0;35,1.5625E-4;36,5.78125E-4;37,7.5E-4;38,4.84375E-4;39,0.0;",
		"silktouch": false,
		"dim": "Deep Dark"
	},
	{
		"block": "minecraft:air:0",
		"distrib": "0,0.0;1,0.0;2,0.027625;3,0.04078125;4,0.05425;5,0.05453125;6,0.053609375;7,0.05065625;8,0.047078125;9,0.043171875;10,0.040390626;11,0.039765626;12,0.042484377;13,0.04725;14,0.05471875;15,0.0603125;16,0.058265626;17,0.055625;18,0.050203126;19,0.053703126;20,0.057859376;21,0.0635625;22,0.062796876;23,0.06215625;24,0.070625;25,0.0816875;26,0.09503125;27,0.09865625;28,0.09515625;29,0.09590625;30,0.09465625;31,0.09614062;32,0.08960938;33,0.08246875;34,0.07917187;35,0.084390625;36,0.083578125;37,0.07928125;38,0.07579687;39,0.08065625;40,0.0828125;41,0.080296874;42,0.07295313;43,0.07021875;44,0.06460938;45,0.059484374;46,0.051078126;47,0.048984375;48,0.052203126;49,0.05115625;50,0.0479375;51,0.04875;52,0.04903125;53,0.051953126;54,0.05440625;55,0.0539375;56,0.049484376;57,0.045375;58,0.04559375;59,0.0416875;60,0.041796874;61,0.0484375;62,0.05184375;63,0.7303906;64,0.90103126;65,0.9589844;66,0.9621406;67,0.9657813;68,0.9676719;69,0.9694531;70,0.9748125;71,0.9831875;72,0.9829062;73,0.98298436;74,0.98270315;75,0.9829219;76,0.98278123;77,0.983;78,0.98267186;79,0.9825781;80,0.9827344;81,0.9829062;82,0.98271877;83,0.9830469;84,0.98284376;85,0.982625;86,0.9829062;87,0.98279685;88,0.98298436;89,0.9833125;90,0.98279685;91,0.9824531;92,0.9818125;93,0.98134375;94,0.9805313;95,0.98017186;96,0.9790469;97,0.9777344;98,0.9772656;99,0.9759688;100,0.97515625;101,0.97410935;102,0.97264063;103,0.9709844;104,0.9693125;105,0.96775;106,0.9654844;107,0.9631406;108,0.9603125;109,0.9568125;110,0.9529531;111,0.9483125;112,0.93509376;113,0.92342186;114,0.9121875;115,0.897875;116,0.8776719;117,0.8475937;118,0.80346876;119,0.712125;120,0.47526562;121,1.5625E-5;122,1.25E-4;123,9.375E-5;124,3.125E-5;125,1.5625E-5;126,0.0;129,0.0;130,6.25E-5;131,8.59375E-4;132,0.00115625;133,0.001125;134,0.00215625;135,0.004046875;136,0.004828125;137,0.00428125;138,0.00278125;139,0.001140625;140,2.34375E-4;141,0.0;142,3.59375E-4;143,8.28125E-4;144,0.00115625;145,9.53125E-4;146,2.1875E-4;147,0.0;148,0.0;149,2.34375E-4;150,5.46875E-4;151,0.001265625;152,0.001671875;153,0.001640625;154,0.001296875;155,0.001515625;156,0.00125;157,2.8125E-4;158,0.0;161,0.0;162,1.40625E-4;163,4.84375E-4;164,7.65625E-4;165,8.90625E-4;166,6.40625E-4;167,6.875E-4;168,0.001375;169,0.002609375;170,0.00296875;171,0.00328125;172,0.00365625;173,0.00284375;174,0.001265625;175,2.34375E-4;176,2.03125E-4;177,0.0010625;178,0.00171875;179,0.0014375;180,4.0625E-4;181,0.0;189,0.0;190,7.03125E-4;191,0.00159375;192,0.002;193,0.001984375;194,0.00134375;195,5.78125E-4;196,0.0;198,0.0;199,1.40625E-4;200,0.00153125;201,0.00346875;202,0.00346875;203,0.00228125;204,8.75E-4;205,0.0;206,4.375E-4;207,0.0018125;208,0.002265625;209,0.0025625;210,0.002578125;211,0.002109375;212,0.001890625;213,0.001453125;214,0.001046875;215,4.0625E-4;216,3.75E-4;217,4.21875E-4;218,7.8125E-5;219,0.0;220,0.0;221,4.6875E-5;222,1.40625E-4;223,2.03125E-4;224,2.1875E-4;225,1.40625E-4;226,3.125E-5;227,1.71875E-4;228,4.21875E-4;229,0.001546875;230,0.0025;231,0.002625;232,0.0015625;233,3.90625E-4;234,0.0;235,0.0;236,9.375E-5;237,1.40625E-4;238,3.90625E-4;239,6.71875E-4;240,0.0;",
		"silktouch": false,
		"dim": "Deep Dark"
	},
	{
		"block": "minecraft:stone:0",
		"distrib": "0,0.0;1,0.0;2,0.45589063;3,0.6789531;4,0.90304685;5,0.9020156;6,0.90125;7,0.90276563;8,0.9015313;9,0.90501565;10,0.9090156;11,0.9088906;12,0.9046094;13,0.9006562;14,0.90225;15,0.90073436;16,0.90059376;17,0.9026875;18,0.9075469;19,0.90303123;20,0.8985;21,0.8949375;22,0.8915312;23,0.89375;24,0.8836875;25,0.872;26,0.8614531;27,0.8586562;28,0.8676094;29,0.86960936;30,0.86928123;31,0.86859375;32,0.87495315;33,0.8867969;34,0.88948435;35,0.88510936;36,0.8846875;37,0.8885;38,0.8900625;39,0.8838438;40,0.8747031;41,0.878875;42,0.8873125;43,0.8916563;44,0.8966406;45,0.8997812;46,0.9046406;47,0.9067031;48,0.902625;49,0.90471876;50,0.9074219;51,0.90676564;52,0.9084687;53,0.90709376;54,0.9087656;55,0.90975;56,0.9129062;57,0.91767186;58,0.9178125;59,0.9219375;60,0.92078125;61,0.915;62,4.6875E-5;63,0.0;120,0.0;121,0.0121875;122,0.0360625;123,0.0589375;124,0.0819375;125,0.10442188;126,0.12690625;127,0.14948438;128,0.17042187;129,0.19142188;130,0.21303125;131,0.23229687;132,0.2515;133,0.27057812;134,0.28851563;135,0.30603126;136,0.3228125;137,0.3397031;138,0.35659376;139,0.37307814;140,0.38867188;141,0.40425;142,0.4193125;143,0.43382812;144,0.44875;145,0.46276563;146,0.4762031;147,0.48871875;148,0.5018906;149,0.51440626;150,0.5265;151,0.5377344;152,0.54917186;153,0.5601406;154,0.5714844;155,0.5823125;156,0.592625;157,0.60309374;158,0.6128906;159,0.622875;160,0.6328125;161,0.64225;162,0.6513594;163,0.66015625;164,0.66798437;165,0.6761875;166,0.6839219;167,0.6913594;168,0.69853127;169,0.70515627;170,0.7116719;171,0.7186875;172,0.7255;173,0.73295313;174,0.7403125;175,0.747875;176,0.75407815;177,0.75904685;178,0.76435935;179,0.77014065;180,0.7763594;181,0.782125;182,0.7878125;183,0.79325;184,0.79846877;185,0.8040781;186,0.80925;187,0.81389064;188,0.81904685;189,0.823625;190,0.8275;191,0.8309375;192,0.8347812;193,0.83895314;194,0.8442031;195,0.8489063;196,0.8529219;197,0.856125;198,0.85985935;199,0.86310935;200,0.86504686;201,0.866375;202,0.8692656;203,0.8736563;204,0.87801564;205,0.8819063;206,0.88453126;207,0.8861719;208,0.8884375;209,0.8909063;210,0.8935625;211,0.89703125;212,0.89965624;213,0.9024219;214,0.90529686;215,0.9085625;216,0.91075;217,0.91275;218,0.915375;219,0.9174687;220,0.9196875;221,0.92178124;222,0.92370313;223,0.9255625;224,0.92739064;225,0.9293906;226,0.93128127;227,0.93271875;228,0.93415624;229,0.93464065;230,0.93553126;231,0.937;232,0.9394531;233,0.942125;234,0.9440156;235,0.9454219;236,0.946625;237,0.9479687;238,0.94907814;239,0.9500625;240,0.0;",
		"silktouch": true,
		"dropsList": [
			{
				"itemStack": "minecraft:cobblestone:0",
				"fortunes": {
					"0": 1.0,
					"1": 1.0,
					"2": 1.0,
					"3": 1.0
				}
			}
		],
		"dim": "Deep Dark"
	},
	{
		"block": "minecraft:gold_ore:0",
		"distrib": "0,0.0;1,0.0;2,7.34375E-4;3,0.0016875;4,0.001765625;5,0.001953125;6,0.001828125;7,0.0015625;8,0.001484375;9,0.001296875;10,0.0015625;11,0.00203125;12,0.00184375;13,0.00175;14,0.0015625;15,0.001578125;16,0.00196875;17,0.00165625;18,0.001796875;19,0.002109375;20,0.001421875;21,0.00190625;22,0.001671875;23,0.00153125;24,0.00103125;25,0.001625;26,0.001359375;27,0.00196875;28,0.0019375;29,0.0018125;30,0.00115625;31,1.875E-4;32,0.0;",
		"silktouch": false,
		"dim": "Deep Dark"
	},
	{
		"block": "minecraft:gravel:0",
		"distrib": "0,0.0;33,0.0;34,1.5625E-5;35,1.40625E-4;36,1.09375E-4;37,1.71875E-4;38,9.375E-5;39,4.6875E-5;40,0.0;",
		"silktouch": false,
		"dropsList": [
			{
				"itemStack": "minecraft:flint:0",
				"fortunes": {
					"0": 0.1011,
					"1": 0.1602,
					"2": 0.2468,
					"3": 1.0
				}
			}
		],
		"dim": "Deep Dark"
	},
	{
		"block": "minecraft:redstone_ore:0",
		"distrib": "0,0.0;1,0.0;2,0.00509375;3,0.00696875;4,0.009125;5,0.00928125;6,0.009984375;7,0.00978125;8,0.010640625;9,0.010875;10,0.0094375;11,0.00915625;12,0.0103125;13,0.01;14,0.0043125;15,6.25E-4;16,0.0;",
		"silktouch": true,
		"dropsList": [
			{
				"itemStack": "minecraft:redstone:0",
				"fortunes": {
					"0": 4.5017,
					"1": 4.99,
					"2": 5.498,
					"3": 5.9815
				}
			}
		],
		"dim": "Deep Dark"
	},
	{
		"block": "extrautils2:redorchid:0",
		"distrib": "0,0.0;14,0.0;15,3.125E-5;16,1.5625E-5;17,0.0;",
		"silktouch": false,
		"dropsList": [
			{
				"itemStack": "extrautils2:redorchid:0",
				"fortunes": {
					"0": 1.1269,
					"1": 1.2493,
					"2": 1.393,
					"3": 1.5622
				}
			},
			{
				"itemStack": "minecraft:redstone:0",
				"fortunes": {
					"0": 1.0,
					"1": 1.4971,
					"2": 2.0091,
					"3": 2.5006
				}
			}
		],
		"dim": "Deep Dark"
	},
	{
		"block": "minecraft:fence:0",
		"distrib": "0,0.0;16,0.0;17,1.875E-4;18,2.8125E-4;19,9.375E-5;20,0.0;22,0.0;23,1.5625E-5;24,1.5625E-5;25,1.5625E-4;26,2.5E-4;27,9.375E-5;28,0.0;32,0.0;33,1.875E-4;34,2.1875E-4;35,2.65625E-4;36,2.96875E-4;37,9.375E-5;38,3.4375E-4;39,9.375E-4;40,0.0011875;41,6.25E-4;42,6.25E-5;43,4.0625E-4;44,6.25E-4;45,2.1875E-4;46,0.0;47,1.25E-4;48,1.25E-4;49,0.0;",
		"silktouch": false,
		"dropsList": [
			{
				"itemStack": "minecraft:fence:0",
				"fortunes": {
					"0": 1.0,
					"1": 1.0,
					"2": 1.0,
					"3": 1.0
				}
			}
		],
		"dim": "Deep Dark"
	},
	{
		"block": "minecraft:mossy_cobblestone:0",
		"distrib": "0,0.0;21,0.0;22,5.3125E-4;23,0.0;24,0.0;25,9.21875E-4;26,0.0;31,0.0;32,7.8125E-4;33,0.0;45,0.0;46,9.375E-5;47,0.0;",
		"silktouch": false,
		"dim": "Deep Dark"
	},
	{
		"block": "minecraft:web:0",
		"distrib": "0,0.0;13,0.0;14,1.5625E-5;15,0.0;18,0.0;19,7.8125E-5;20,1.5625E-5;21,0.0;24,0.0;25,1.5625E-5;26,5.15625E-4;27,5.9375E-4;28,1.5625E-5;29,0.0;34,0.0;35,6.25E-5;36,0.0;37,2.8125E-4;38,1.09375E-4;39,1.40625E-4;40,1.875E-4;41,2.34375E-4;42,2.1875E-4;43,3.28125E-4;44,3.28125E-4;45,3.125E-4;46,7.8125E-5;47,0.0;48,0.0;49,1.09375E-4;50,0.0;",
		"silktouch": true,
		"dropsList": [
			{
				"itemStack": "minecraft:string:0",
				"fortunes": {
					"0": 1.0,
					"1": 1.0,
					"2": 1.0,
					"3": 1.0
				}
			}
		],
		"dim": "Deep Dark"
	},
	{
		"block": "minecraft:emerald_ore:0",
		"distrib": "0,0.0;3,0.0;4,1.25E-4;5,1.25E-4;6,9.375E-5;7,7.8125E-5;8,7.8125E-5;9,6.25E-5;10,9.375E-5;11,1.25E-4;12,7.8125E-5;13,9.375E-5;14,1.09375E-4;15,1.5625E-4;16,9.375E-5;17,1.71875E-4;18,1.09375E-4;19,6.25E-5;20,1.875E-4;21,7.8125E-5;22,9.375E-5;23,6.25E-5;24,1.25E-4;25,6.25E-5;26,6.25E-5;27,1.40625E-4;28,1.09375E-4;29,1.40625E-4;30,6.25E-5;31,6.25E-5;32,0.0;",
		"silktouch": true,
		"dropsList": [
			{
				"itemStack": "minecraft:emerald:0",
				"fortunes": {
					"0": 1.0,
					"1": 1.3307,
					"2": 1.7593,
					"3": 2.2125
				}
			}
		],
		"dim": "Deep Dark"
	},
	{
		"block": "minecraft:diamond_ore:0",
		"distrib": "0,0.0;1,0.0;2,7.5E-4;3,9.21875E-4;4,0.001640625;5,0.001453125;6,8.90625E-4;7,8.75E-4;8,0.001046875;9,0.001515625;10,0.00140625;11,0.001234375;12,7.8125E-4;13,0.00121875;14,6.09375E-4;15,0.0;",
		"silktouch": true,
		"dropsList": [
			{
				"itemStack": "minecraft:diamond:0",
				"fortunes": {
					"0": 1.0,
					"1": 1.3345,
					"2": 1.7493,
					"3": 2.1846
				}
			}
		],
		"dim": "Deep Dark"
	},
	{
		"block": "thermalfoundation:ore:5",
		"distrib": "0,0.0;1,0.0;2,2.34375E-4;3,0.00109375;4,0.00221875;5,0.00234375;6,0.00240625;7,0.0028125;8,0.0025;9,0.0025;10,0.002546875;11,0.00265625;12,0.00303125;13,0.00278125;14,0.00259375;15,0.002265625;16,0.002296875;17,0.001921875;18,0.001046875;19,3.4375E-4;20,0.0;",
		"silktouch": false,
		"dim": "Deep Dark"
	},
	{
		"block": "minecraft:planks:0",
		"distrib": "0,0.0;16,0.0;17,7.8125E-5;18,0.0;19,2.34375E-4;20,1.25E-4;21,0.0;22,0.0;23,7.8125E-5;24,2.96875E-4;25,1.5625E-4;26,0.0;27,2.1875E-4;28,9.375E-5;29,0.0;31,0.0;32,4.6875E-4;33,0.0;34,0.002984375;35,3.90625E-4;36,1.5625E-4;37,8.90625E-4;38,0.001390625;39,2.34375E-4;40,9.375E-4;41,0.001359375;42,0.00340625;43,7.8125E-4;44,6.875E-4;45,0.00125;46,0.001921875;47,1.25E-4;48,1.25E-4;49,2.96875E-4;50,0.0;",
		"silktouch": false,
		"dim": "Deep Dark"
	},
	{
		"block": "thermalfoundation:ore:2",
		"distrib": "0,0.0;1,0.0;2,2.96875E-4;3,0.00153125;4,0.003859375;5,0.00475;6,0.0044375;7,0.00434375;8,0.00459375;9,0.005109375;10,0.0049375;11,0.00496875;12,0.00478125;13,0.00496875;14,0.00515625;15,0.005;16,0.005359375;17,0.004875;18,0.004921875;19,0.00490625;20,0.004609375;21,0.0045625;22,0.00471875;23,0.0050625;24,0.005;25,0.005375;26,0.00471875;27,0.00409375;28,0.002703125;29,8.90625E-4;30,4.84375E-4;31,6.09375E-4;32,5.0E-4;33,1.40625E-4;34,4.6875E-5;35,0.0;",
		"silktouch": false,
		"dim": "Deep Dark"
	},
	{
		"block": "thermalfoundation:ore:3",
		"distrib": "0,0.0;1,0.0;2,4.6875E-5;3,3.4375E-4;4,8.28125E-4;5,0.0011875;6,0.00103125;7,0.00171875;8,0.00378125;9,0.00578125;10,0.005859375;11,0.0058125;12,0.00678125;13,0.00721875;14,0.005921875;15,0.006359375;16,0.006109375;17,0.006484375;18,0.006609375;19,0.006859375;20,0.005875;21,0.0056875;22,0.006203125;23,0.00575;24,0.006484375;25,0.006125;26,0.005984375;27,0.005890625;28,0.004953125;29,0.004078125;30,0.00440625;31,0.00509375;32,0.004484375;33,0.00228125;34,5.46875E-4;35,0.0;",
		"silktouch": false,
		"dim": "Deep Dark"
	},
	{
		"block": "thermalfoundation:ore:0",
		"distrib": "0,0.0;16,0.0;17,6.25E-5;18,2.1875E-4;19,3.90625E-4;20,3.75E-4;21,2.8125E-4;22,4.21875E-4;23,3.4375E-4;24,3.125E-4;25,4.53125E-4;26,3.4375E-4;27,5.3125E-4;28,6.40625E-4;29,6.5625E-4;30,5.0E-4;31,3.59375E-4;32,3.75E-4;33,5.0E-4;34,5.9375E-4;35,6.25E-4;36,4.6875E-4;37,0.0011875;38,0.004109375;39,0.007453125;40,0.00875;41,0.00853125;42,0.007671875;43,0.007765625;44,0.00740625;45,0.008421875;46,0.011390625;47,0.014609375;48,0.016015625;49,0.014703125;50,0.0141875;51,0.014734375;52,0.015265625;53,0.01584375;54,0.01575;55,0.014625;56,0.0135;57,0.01328125;58,0.01384375;59,0.014109375;60,0.01509375;61,0.0138125;62,0.0;",
		"silktouch": false,
		"dim": "Deep Dark"
	},
	{
		"block": "thermalfoundation:ore:1",
		"distrib": "0,0.0;16,0.0;17,0.001140625;18,0.003546875;19,0.00521875;20,0.006859375;21,0.006796875;22,0.007578125;23,0.006875;24,0.00765625;25,0.00746875;26,0.007828125;27,0.00796875;28,0.006625;29,0.005875;30,0.006546875;31,0.0075625;32,0.00809375;33,0.007984375;34,0.007546875;35,0.00728125;36,0.006234375;37,0.006328125;38,0.005890625;39,0.006046875;40,0.0074375;41,0.00671875;42,0.00659375;43,0.006640625;44,0.007421875;45,0.007046875;46,0.006375;47,0.0069375;48,0.006703125;49,0.006421875;50,0.007;51,0.0070625;52,0.005765625;53,0.003734375;54,0.0011875;55,0.0;",
		"silktouch": false,
		"dim": "Deep Dark"
	},
	{
		"block": "minecraft:torch:0",
		"distrib": "0,0.0;39,0.0;40,1.5625E-5;41,0.0;",
		"silktouch": false,
		"dropsList": [
			{
				"itemStack": "minecraft:torch:0",
				"fortunes": {
					"0": 1.0,
					"1": 1.0,
					"2": 1.0,
					"3": 1.0
				}
			}
		],
		"dim": "Deep Dark"
	},
	{
		"block": "minecraft:brown_mushroom:0",
		"distrib": "0,0.0;11,0.0;12,3.125E-5;13,0.0;62,0.0;63,2.8125E-4;64,4.6875E-5;65,0.0;",
		"silktouch": false,
		"dropsList": [
			{
				"itemStack": "minecraft:brown_mushroom:0",
				"fortunes": {
					"0": 1.0,
					"1": 1.0,
					"2": 1.0,
					"3": 1.0
				}
			}
		],
		"dim": "Deep Dark"
	},
	{
		"block": "minecraft:red_mushroom:0",
		"distrib": "0,0.0;24,0.0;25,1.5625E-5;26,0.0;27,1.5625E-5;28,1.5625E-5;29,0.0;34,0.0;35,1.5625E-5;36,1.5625E-5;37,0.0;62,0.0;63,7.8125E-5;64,3.125E-5;65,3.125E-5;66,0.0;67,0.0;68,1.5625E-5;69,0.0;70,1.5625E-5;71,3.125E-5;72,0.0;",
		"silktouch": false,
		"dropsList": [
			{
				"itemStack": "minecraft:red_mushroom:0",
				"fortunes": {
					"0": 1.0,
					"1": 1.0,
					"2": 1.0,
					"3": 1.0
				}
			}
		],
		"dim": "Deep Dark"
	},
	{
		"block": "minecraft:dirt:0",
		"distrib": "0,0.0;60,0.0;61,1.0;63,1.0;64,0.0;",
		"silktouch": false,
		"dim": "ExtraUtils2_Quarry_Dim"
	},
	{
		"block": "minecraft:stone:0",
		"distrib": "0,0.0;1,1.0;60,1.0;61,0.0;",
		"silktouch": true,
		"dropsList": [
			{
				"itemStack": "minecraft:cobblestone:0",
				"fortunes": {
					"0": 1.0,
					"1": 1.0,
					"2": 1.0,
					"3": 1.0
				}
			}
		],
		"dim": "ExtraUtils2_Quarry_Dim"
	},
	{
		"block": "minecraft:bedrock:0",
		"distrib": "0,1.0;1,0.0;",
		"silktouch": true,
		"dim": "ExtraUtils2_Quarry_Dim"
	}
]