[
	{
		"block": "biomesoplenty:grass:6",
		"distrib": "0,0.0;1,4.1666668E-4;2,1.5625E-4;3,3.125E-4;4,7.2916667E-4;5,0.00125;6,0.0;17,0.0;18,0.00203125;19,9.895833E-4;20,1.0416667E-4;21,4.6875E-4;22,0.016145833;23,0.017552083;24,6.770833E-4;25,9.375E-4;26,8.3333335E-4;27,7.8125E-4;28,5.2083336E-4;29,6.25E-4;30,0.0010416667;31,0.00390625;32,0.0021354167;33,0.0048958333;34,0.0055729165;35,0.0026041667;36,0.00125;37,0.0017708334;38,0.00296875;39,0.0084375;40,9.895833E-4;41,6.25E-4;42,9.895833E-4;43,0.00421875;44,0.0011458333;45,0.00109375;46,9.895833E-4;47,7.2916667E-4;48,0.0;54,0.0;55,0.0011979167;56,0.0024479167;57,0.00109375;58,0.0027604166;59,0.0024479167;60,0.0011979167;61,0.0017708334;62,0.0;65,0.0;66,0.0032291666;67,0.005260417;68,0.0077083334;69,0.006458333;70,0.005729167;71,0.0025520832;72,4.1666668E-4;73,7.8125E-4;74,0.0011979167;75,0.0011979167;76,0.0021875;77,0.009270833;78,0.0060416665;79,0.005;80,0.0023958334;81,0.0023958334;82,0.0028645834;83,0.0029166667;84,0.00390625;85,0.00328125;86,0.0034895833;87,0.0019791666;88,0.0014583333;89,0.0019791666;90,0.0015104166;91,0.0028645834;92,0.0060416665;93,0.014322917;94,8.854167E-4;95,6.770833E-4;96,0.0;97,0.0;98,5.2083335E-5;99,5.2083335E-5;100,0.0;101,1.5625E-4;102,2.0833334E-4;103,9.895833E-4;104,0.0;105,0.0;106,1.0416667E-4;107,0.0;",
		"silktouch": true,
		"dropsList": [
			{
				"itemStack": "minecraft:netherrack:0",
				"fortunes": {
					"0": 1.0,
					"1": 1.0,
					"2": 1.0,
					"3": 1.0
				}
			}
		],
		"dim": "the_nether"
	},
	{
		"block": "biomesoplenty:mushroom:3",
		"distrib": "0,0.0;26,0.0;27,1.5625E-4;28,0.0;31,0.0;32,5.2083335E-5;33,5.2083335E-5;34,0.0;35,5.2083335E-5;36,0.0;64,0.0;65,3.125E-4;66,4.1666668E-4;67,1.5625E-4;68,2.0833334E-4;69,1.0416667E-4;70,0.0;",
		"silktouch": false,
		"dropsList": [
			{
				"itemStack": "biomesoplenty:mushroom:3",
				"fortunes": {
					"0": 1.0,
					"1": 1.0,
					"2": 1.0,
					"3": 1.0
				}
			}
		],
		"dim": "the_nether"
	},
	{
		"block": "biomesoplenty:mushroom:4",
		"distrib": "0,0.0;33,0.0;34,5.2083335E-5;35,0.0;36,0.0;37,5.2083335E-5;38,0.0;42,0.0;43,2.0833334E-4;44,5.2083335E-5;45,5.2083335E-5;46,0.0;77,0.0;78,1.0416667E-4;79,0.0;93,0.0;94,1.0416667E-4;95,5.2083335E-5;96,0.0;",
		"silktouch": false,
		"dropsList": [
			{
				"itemStack": "biomesoplenty:mushroom:4",
				"fortunes": {
					"0": 1.0,
					"1": 1.0,
					"2": 1.0,
					"3": 1.0
				}
			}
		],
		"dim": "the_nether"
	},
	{
		"block": "minecraft:magma:0",
		"distrib": "0,0.0;1,5.2083335E-5;2,5.2083335E-5;3,0.0;4,5.2083335E-5;5,0.0;7,0.0;8,1.5625E-4;9,2.0833334E-4;10,2.0833334E-4;11,5.2083335E-5;12,1.0416667E-4;13,2.0833334E-4;15,2.0833334E-4;16,5.2083335E-5;17,0.0;22,0.0;23,0.00609375;24,0.02203125;25,0.0503125;26,0.07432292;27,0.07572917;28,0.0725;29,0.07421875;30,0.07932292;31,0.08953125;32,0.09489583;33,0.096041664;34,0.079375;35,0.046927083;36,0.016927084;37,0.00296875;38,1.0416667E-4;39,1.5625E-4;40,0.0;41,2.0833334E-4;42,7.2916667E-4;43,8.3333335E-4;44,2.6041668E-4;45,1.0416667E-4;46,0.0;51,0.0;52,5.2083335E-5;53,5.2083335E-5;54,3.6458333E-4;55,4.1666668E-4;56,0.0;58,0.0;59,5.2083335E-5;60,1.5625E-4;61,5.2083335E-5;62,0.0;63,0.0;64,2.0833334E-4;65,3.125E-4;66,2.0833334E-4;67,1.0416667E-4;68,5.2083335E-5;69,1.0416667E-4;70,5.2083335E-5;71,2.6041668E-4;72,2.0833334E-4;73,0.0;74,5.2083335E-5;75,0.0;76,5.7291664E-4;77,1.0416667E-4;78,5.2083335E-5;79,8.854167E-4;80,5.2083335E-5;81,1.0416667E-4;82,1.5625E-4;83,0.0;84,0.0;85,2.0833334E-4;86,0.00109375;87,0.0019270834;88,3.6458333E-4;89,2.0833334E-4;90,1.0416667E-4;91,1.0416667E-4;92,2.0833334E-4;93,2.6041668E-4;94,2.0833334E-4;95,4.6875E-4;96,0.0;100,0.0;101,7.2916667E-4;102,2.6041668E-4;103,5.2083335E-5;104,0.0;105,0.0;106,2.0833334E-4;107,2.6041668E-4;108,0.0;109,1.0416667E-4;110,5.2083335E-5;111,5.2083335E-5;112,0.0;",
		"silktouch": false,
		"dim": "the_nether"
	},
	{
		"block": "tconstruct:ore:0",
		"distrib": "0,0.0;1,5.2083335E-5;2,1.5625E-4;3,2.6041668E-4;4,8.854167E-4;5,3.125E-4;6,6.25E-4;7,8.3333335E-4;8,9.375E-4;9,4.1666668E-4;10,8.3333335E-4;11,9.375E-4;12,5.2083336E-4;13,6.25E-4;14,5.7291664E-4;15,5.2083336E-4;16,8.3333335E-4;17,7.2916667E-4;18,7.2916667E-4;19,0.0011979167;20,7.2916667E-4;21,5.2083336E-4;22,4.1666668E-4;23,9.375E-4;24,1.0416667E-4;25,1.5625E-4;26,2.0833334E-4;27,4.1666668E-4;28,9.895833E-4;29,2.6041668E-4;30,7.2916667E-4;31,0.0011458333;32,7.8125E-4;33,5.7291664E-4;34,0.0014583333;35,9.375E-4;36,4.1666668E-4;37,8.3333335E-4;38,4.1666668E-4;39,7.2916667E-4;40,0.0013541667;41,4.1666668E-4;42,0.0011979167;43,0.0011979167;44,0.001875;45,0.0019791666;46,0.0015625;47,0.0019270834;48,8.3333335E-4;49,0.00109375;50,0.0020833334;51,0.0016145833;52,0.0015625;53,0.0015104166;54,0.0020833334;55,9.895833E-4;56,0.0015625;57,0.0019791666;58,0.0015104166;59,0.001875;60,0.001875;61,0.0014583333;62,0.0022916666;63,0.0020833334;64,0.00171875;65,0.00125;66,0.0011458333;67,0.0022916666;68,0.00140625;69,0.0015104166;70,0.0015625;71,0.0020833334;72,8.3333335E-4;73,9.895833E-4;74,0.0010416667;75,9.375E-4;76,5.2083336E-4;77,0.0014583333;78,9.895833E-4;79,6.25E-4;80,8.3333335E-4;81,0.0019270834;82,0.0015625;83,0.0015104166;84,9.375E-4;85,0.0011979167;86,0.0011458333;87,9.375E-4;88,0.00125;89,0.0014583333;90,0.0019270834;91,9.895833E-4;92,9.895833E-4;93,0.0018229167;94,7.2916667E-4;95,5.2083336E-4;96,5.2083336E-4;97,3.125E-4;98,1.0416667E-4;99,4.1666668E-4;100,4.1666668E-4;101,3.6458333E-4;102,7.8125E-4;103,4.1666668E-4;104,6.25E-4;105,0.00140625;106,2.0833334E-4;107,4.1666668E-4;108,6.25E-4;109,3.6458333E-4;110,6.770833E-4;111,3.125E-4;112,0.0;116,0.0;117,2.0833334E-4;118,0.0;119,0.0;120,2.0833334E-4;121,0.0;123,0.0;124,5.2083335E-5;125,1.0416667E-4;126,0.0;",
		"silktouch": false,
		"dim": "the_nether"
	},
	{
		"block": "biomesoplenty:mushroom:0",
		"distrib": "0,0.0;2,0.0;3,5.2083335E-5;4,0.0;32,0.0;33,5.2083335E-5;34,5.2083335E-5;35,2.0833334E-4;36,5.2083335E-5;37,5.2083335E-5;38,0.0;39,0.0;40,5.2083335E-5;41,0.0;43,0.0;44,5.2083335E-5;45,0.0;46,5.2083335E-5;47,0.0;48,2.0833334E-4;49,0.0;66,0.0;67,1.5625E-4;68,0.0;69,2.6041668E-4;70,5.2083335E-5;71,5.2083335E-5;72,0.0;86,0.0;87,5.2083335E-5;88,0.0;89,5.2083335E-5;90,5.2083335E-5;91,0.0;92,5.2083335E-5;93,0.0;",
		"silktouch": false,
		"dropsList": [
			{
				"itemStack": "biomesoplenty:mushroom:0",
				"fortunes": {
					"0": 1.0,
					"1": 1.0,
					"2": 1.0,
					"3": 1.0
				}
			}
		],
		"dim": "the_nether"
	},
	{
		"block": "tconstruct:ore:1",
		"distrib": "0,0.0;1,5.2083335E-5;2,4.6875E-4;3,3.125E-4;4,3.6458333E-4;5,3.125E-4;6,4.1666668E-4;7,7.8125E-4;8,6.25E-4;9,7.2916667E-4;10,0.00125;11,6.770833E-4;12,8.854167E-4;13,7.2916667E-4;14,6.25E-4;15,8.854167E-4;16,4.6875E-4;17,9.375E-4;18,4.1666668E-4;19,5.2083336E-4;20,2.0833334E-4;21,5.2083336E-4;22,3.125E-4;23,6.25E-4;24,3.6458333E-4;25,3.125E-4;26,5.2083335E-5;27,6.770833E-4;28,5.7291664E-4;29,3.6458333E-4;30,7.2916667E-4;31,8.854167E-4;32,1.0416667E-4;33,6.770833E-4;34,9.375E-4;35,8.3333335E-4;36,0.0013020834;37,8.3333335E-4;38,0.0013541667;39,5.7291664E-4;40,3.6458333E-4;41,9.895833E-4;42,0.0013541667;43,9.375E-4;44,0.0010416667;45,0.0010416667;46,8.854167E-4;47,0.00125;48,0.0010416667;49,0.0010416667;50,0.0016666667;51,0.00140625;52,0.0013541667;53,0.0015104166;54,0.0019791666;55,0.0011458333;56,0.00203125;57,0.0015104166;58,0.0021354167;59,0.00234375;60,0.0010416667;61,0.00109375;62,0.0014583333;63,0.0014583333;64,0.0022395833;65,0.0027083333;66,0.0013541667;67,0.0017708334;68,0.0016666667;69,0.0017708334;70,0.0013020834;71,0.0014583333;72,0.00109375;73,0.0015104166;74,0.0013541667;75,0.0013541667;76,0.0021354167;77,0.0015625;78,0.0018229167;79,0.0013541667;80,9.895833E-4;81,0.0021875;82,0.0010416667;83,0.0021875;84,9.895833E-4;85,9.375E-4;86,0.00203125;87,7.2916667E-4;88,0.0011979167;89,0.00125;90,7.2916667E-4;91,4.1666668E-4;92,8.3333335E-4;93,8.3333335E-4;94,4.6875E-4;95,1.5625E-4;96,5.7291664E-4;97,4.6875E-4;98,2.6041668E-4;99,2.0833334E-4;100,5.2083336E-4;101,5.2083336E-4;102,2.0833334E-4;103,8.3333335E-4;104,2.0833334E-4;105,6.770833E-4;106,2.6041668E-4;107,2.0833334E-4;108,8.854167E-4;109,7.8125E-4;110,7.2916667E-4;111,5.2083336E-4;112,0.0;114,0.0;115,2.0833334E-4;116,0.0;",
		"silktouch": false,
		"dim": "the_nether"
	},
	{
		"block": "biomesoplenty:plant_0:13",
		"distrib": "0,0.0;5,0.0;6,2.6041668E-4;7,5.2083335E-5;8,5.2083335E-5;9,0.0;22,0.0;23,5.2083335E-5;24,0.0;25,0.0;26,5.2083335E-5;27,0.0;31,0.0;32,1.5625E-4;33,0.0;35,0.0;36,5.2083335E-5;37,2.6041668E-4;38,0.0;42,0.0;43,5.2083335E-5;44,0.0;45,2.0833334E-4;46,0.0;63,0.0;64,1.5625E-4;65,1.0416667E-4;66,0.0;87,0.0;88,2.0833334E-4;89,0.0;",
		"silktouch": false,
		"dim": "the_nether"
	},
	{
		"block": "minecraft:bedrock:0",
		"distrib": "0,1.0;1,0.8278646;2,0.6502604;3,0.44770834;4,0.23869792;5,0.0;122,0.0;123,0.0090625;124,0.015677083;125,0.024375;126,0.031666666;127,0.04;128,0.0;",
		"silktouch": true,
		"dim": "the_nether"
	},
	{
		"block": "thermalfoundation:ore_fluid:3",
		"distrib": "0,0.0;6,0.0;7,6.770833E-4;8,9.895833E-4;9,0.0011979167;10,6.25E-4;11,0.0017708334;12,0.0025520832;13,0.00140625;14,4.1666668E-4;15,0.0;17,0.0;18,0.0010416667;19,0.0011979167;20,5.2083336E-4;21,2.6041668E-4;22,0.00265625;23,0.0033333334;24,0.0011979167;25,3.6458333E-4;26,9.375E-4;27,0.0015625;28,0.0013020834;29,9.895833E-4;30,0.0013020834;31,5.7291664E-4;32,0.0;33,0.0014583333;34,0.0014583333;35,6.770833E-4;36,0.0017708334;37,0.0015104166;38,6.25E-4;39,0.0;",
		"silktouch": true,
		"dropsList": [
			{
				"itemStack": "thermalfoundation:material:894",
				"fortunes": {
					"0": 1.0,
					"1": 1.4965,
					"2": 1.9939,
					"3": 2.5043
				}
			}
		],
		"dim": "the_nether"
	},
	{
		"block": "biomesoplenty:plant_1:2",
		"distrib": "0,0.0;5,0.0;6,5.2083336E-4;7,3.6458333E-4;8,0.0;9,0.0;10,5.2083335E-5;11,0.0;13,0.0;14,1.5625E-4;15,2.0833334E-4;16,0.0;17,0.0;18,5.2083335E-5;19,0.0;30,0.0;31,1.0416667E-4;32,6.770833E-4;33,0.0;34,0.0;35,5.2083335E-5;36,2.0833334E-4;37,7.2916667E-4;38,1.5625E-4;39,5.2083335E-5;40,0.0;41,0.0;42,5.2083335E-5;43,1.0416667E-4;44,7.2916667E-4;45,0.0021354167;46,3.125E-4;47,1.5625E-4;48,0.0;59,0.0;60,5.2083335E-5;61,2.6041668E-4;62,7.8125E-4;63,4.6875E-4;64,5.2083336E-4;65,2.0833334E-4;66,5.2083335E-5;67,5.2083335E-5;68,0.0;86,0.0;87,5.2083335E-5;88,0.0017708334;89,0.0;",
		"silktouch": false,
		"dim": "the_nether"
	},
	{
		"block": "biomesoplenty:plant_1:7",
		"distrib": "0,0.0;1,0.0;2,5.2083335E-5;3,0.0;31,0.0;32,5.2083336E-4;33,3.125E-4;34,0.0011458333;35,5.7291664E-4;36,2.6041668E-4;37,1.5625E-4;38,4.6875E-4;39,7.8125E-4;40,0.0022916666;41,3.125E-4;42,4.1666668E-4;43,1.0416667E-4;44,0.0011979167;45,1.5625E-4;46,5.2083335E-5;47,0.0;55,0.0;56,1.5625E-4;57,3.6458333E-4;58,5.2083335E-5;59,1.5625E-4;60,2.0833334E-4;61,0.0;66,0.0;67,3.6458333E-4;68,4.1666668E-4;69,0.0014583333;70,3.6458333E-4;71,3.6458333E-4;72,1.5625E-4;73,0.0;74,5.2083335E-5;75,1.5625E-4;76,1.0416667E-4;77,2.0833334E-4;78,0.0027083333;79,8.3333335E-4;80,0.0014583333;81,4.6875E-4;82,5.7291664E-4;83,5.2083336E-4;84,2.6041668E-4;85,2.0833334E-4;86,5.2083336E-4;87,4.1666668E-4;88,2.0833334E-4;89,0.0;90,3.125E-4;91,0.0;92,4.1666668E-4;93,0.00140625;94,0.0040104166;95,1.5625E-4;96,0.0;",
		"silktouch": false,
		"dim": "the_nether"
	},
	{
		"block": "minecraft:air:0",
		"distrib": "0,0.0;1,0.0;2,0.00546875;3,0.0070833336;4,0.005260417;5,0.0065104165;6,0.01171875;7,0.025572916;8,0.030520834;9,0.026770834;10,0.024427084;11,0.022083333;12,0.018385416;13,0.012864583;14,0.010052083;15,0.0103125;16,0.0096875;17,0.008697917;18,0.0069791665;19,0.0047916668;20,0.005;21,0.0053645833;22,0.018697917;23,0.07057292;24,0.19479166;25,0.20703125;26,0.2165625;27,0.2221875;28,0.24734375;29,0.2815625;30,0.31859374;31,0.3669271;32,0.4272396;33,0.42984375;34,0.4347396;35,0.44583333;36,0.4516146;37,0.4609896;38,0.47125;39,0.48125;40,0.50864583;41,0.49135417;42,0.45765626;43,0.4290625;44,0.41739583;45,0.41880208;46,0.40854168;47,0.40229166;48,0.39697915;49,0.37536457;50,0.33104166;51,0.29729167;52,0.24765626;53,0.24140625;54,0.24;55,0.23375;56,0.23239583;57,0.18661459;58,0.13390625;59,0.08229167;60,0.06588542;61,0.063489586;62,0.061041668;63,0.05697917;64,0.055416666;65,0.06625;66,0.08567708;67,0.104427084;68,0.12755208;69,0.15645833;70,0.17958333;71,0.19734375;72,0.20984375;73,0.20614584;74,0.18859375;75,0.16578124;76,0.1521875;77,0.14901042;78,0.15604167;79,0.1671875;80,0.19380209;81,0.19994792;82,0.20583333;83,0.20911458;84,0.21765625;85,0.23817708;86,0.27302083;87,0.3097396;88,0.37697917;89,0.34666666;90,0.3283854;91,0.3253125;92,0.32083333;93,0.32223958;94,0.34015626;95,0.35854167;96,0.36770833;97,0.35015625;98,0.3271354;99,0.29729167;100,0.27385417;101,0.24833333;102,0.22489583;103,0.20229167;104,0.18546875;105,0.10765625;106,0.036875;107,0.02453125;108,0.018385416;109,0.0178125;110,0.016927084;111,0.01578125;112,5.2083335E-5;113,0.0;114,5.2083335E-5;115,0.0;118,0.0;119,5.2083335E-5;120,0.0;",
		"silktouch": false,
		"dim": "the_nether"
	},
	{
		"block": "minecraft:gravel:0",
		"distrib": "0,0.0;62,0.0;63,3.125E-4;64,0.0;",
		"silktouch": false,
		"dropsList": [
			{
				"itemStack": "minecraft:flint:0",
				"fortunes": {
					"0": 0.0994,
					"1": 0.1441,
					"2": 0.2521,
					"3": 1.0
				}
			}
		],
		"dim": "the_nether"
	},
	{
		"block": "biomesoplenty:ash_block:0",
		"distrib": "0,0.0;1,0.0020833334;2,9.895833E-4;3,0.005052083;4,0.0134375;5,0.018333333;6,0.02546875;7,0.02359375;8,0.017708333;9,0.015989583;10,0.010572917;11,0.0078125;12,0.007135417;13,0.0070833336;14,0.0056770835;15,0.0036979166;16,0.00296875;17,0.0014583333;18,0.0128125;19,0.033125;20,0.084635414;21,0.09489583;22,0.09338541;23,0.086979166;24,0.058489583;25,0.0690625;26,0.08145833;27,0.0925;28,0.10604167;29,0.09260417;30,0.07671875;31,0.05703125;32,0.03677083;33,0.04078125;34,0.048177082;35,0.050885417;36,0.057135418;37,0.053229168;38,0.0475;39,0.046354167;40,0.05239583;41,0.062916666;42,0.059375;43,0.050885417;44,0.037552085;45,0.013697917;46,0.011197916;47,0.013541667;48,0.017864583;49,0.0175;50,0.021510417;51,0.025625;52,0.025833333;53,0.023229167;54,0.0147916665;55,0.011145833;56,0.00875;57,0.013177083;58,0.01671875;59,0.016927084;60,0.012395834;61,0.0108854165;62,0.013385417;63,0.013177083;64,0.015989583;65,0.02328125;66,0.02484375;67,0.0265625;68,0.02703125;69,0.030677084;70,0.031197917;71,0.031302083;72,0.027239583;73,0.020052083;74,0.024479168;75,0.02875;76,0.045625;77,0.040885415;78,0.03713542;79,0.03302083;80,0.015052083;81,0.015989583;82,0.02515625;83,0.058697917;84,0.108020835;85,0.10369792;86,0.092708334;87,0.06703125;88,0.02921875;89,0.026458334;90,0.031510416;91,0.03921875;92,0.041666668;93,0.03765625;94,0.026458334;95,0.009635417;96,3.125E-4;97,5.2083336E-4;98,0.005520833;99,0.01;100,0.015052083;101,0.016979167;102,0.012708333;103,0.014375;104,0.014322917;105,0.018177083;106,0.019114584;107,0.013125;108,0.01328125;109,0.014010416;110,0.016354166;111,0.018802084;112,0.0;",
		"silktouch": true,
		"dropsList": [
			{
				"itemStack": "biomesoplenty:ash:0",
				"fortunes": {
					"0": 4.0,
					"1": 4.0,
					"2": 4.0,
					"3": 4.0
				}
			}
		],
		"dim": "the_nether"
	},
	{
		"block": "biomesoplenty:flower_0:15",
		"distrib": "0,0.0;43,0.0;44,1.0416667E-4;45,5.2083335E-5;46,0.0;71,0.0;72,1.5625E-4;73,0.0;74,5.2083335E-5;75,0.0;76,5.2083335E-5;77,0.0;78,5.2083335E-5;79,0.0;92,0.0;93,5.2083335E-5;94,1.0416667E-4;95,0.0;",
		"silktouch": false,
		"dropsList": [
			{
				"itemStack": "biomesoplenty:flower_0:15",
				"fortunes": {
					"0": 1.0,
					"1": 1.0,
					"2": 1.0,
					"3": 1.0
				}
			}
		],
		"dim": "the_nether"
	},
	{
		"block": "minecraft:soul_sand:0",
		"distrib": "0,0.0;1,0.01375;2,0.026666667;3,0.040364582;4,0.05265625;5,0.06578125;6,0.060625;7,0.05666667;8,0.056041665;9,0.05609375;10,0.0559375;11,0.055677082;12,0.055989582;13,0.058697917;14,0.061927084;15,0.06234375;16,0.06255209;17,0.062395833;18,0.0625;19,0.06453125;20,0.06578125;21,0.06640625;22,0.0671875;23,0.06401042;24,0.058541667;25,0.060260415;26,0.06276042;27,0.06671875;28,0.06729167;29,0.06572916;30,0.06260417;31,0.05171875;32,0.041302085;33,0.041927084;34,0.04104167;35,0.040104166;36,0.038854167;37,0.034322917;38,0.039375;39,0.041875;40,0.0459375;41,0.051510416;42,0.055677082;43,0.0578125;44,0.049791668;45,0.03729167;46,0.030885417;47,0.028541667;48,0.0259375;49,0.026458334;50,0.0265625;51,0.026822917;52,0.026822917;53,0.027239583;54,0.028645834;55,0.03328125;56,0.048385415;57,0.052135415;58,0.053958334;59,0.055416666;60,0.06395833;61,0.07989583;62,0.084635414;63,0.083072916;64,0.0828125;65,0.07020833;66,0.05296875;67,0.0525;68,0.051770832;69,0.051145833;70,0.05046875;71,0.049427085;72,0.04859375;75,0.04859375;76,0.04864583;77,0.05375;78,0.057760417;79,0.061666667;80,0.06338542;81,0.06427083;82,0.064739585;83,0.064791664;84,0.06453125;85,0.06307292;86,0.058854166;87,0.056875;88,0.044375;89,0.044635415;90,0.0446875;91,0.04473958;92,0.04484375;93,0.056875;94,0.065364584;95,0.065416664;96,0.064739585;97,0.06489583;98,0.065;99,0.06515625;100,0.06526042;101,0.06625;105,0.06625;106,0.06630208;108,0.06630208;109,0.06635416;111,0.06635416;112,0.0;",
		"silktouch": false,
		"dim": "the_nether"
	},
	{
		"block": "extrabees:hive:0",
		"distrib": "0,0.0;47,0.0;48,5.2083335E-5;49,0.0;50,5.2083335E-5;51,0.0;52,5.2083335E-5;53,0.0;",
		"silktouch": false,
		"dropsList": [
			{
				"itemStack": "forestry:bee_princess_ge:0:{MaxH:50,NA:0b,Health:50,IsAnalyzed:0b,Genome:{Chromosomes:[{UID1:\"forestry.speciesValiant\",UID0:\"forestry.speciesValiant\",Slot:0b},{UID1:\"forestry.speedSlow\",UID0:\"forestry.speedSlow\",Slot:1b},{UID1:\"forestry.lifespanLong\",UID0:\"forestry.lifespanLong\",Slot:2b},{UID1:\"forestry.fertilityNormal\",UID0:\"forestry.fertilityNormal\",Slot:3b},{UID1:\"forestry.toleranceNone\",UID0:\"forestry.toleranceNone\",Slot:4b},{UID1:\"forestry.boolTrue\",UID0:\"forestry.boolTrue\",Slot:5b},{UID1:\"forestry.toleranceNone\",UID0:\"forestry.toleranceNone\",Slot:6b},{UID1:\"forestry.boolFalse\",UID0:\"forestry.boolFalse\",Slot:7b},{UID1:\"forestry.boolTrue\",UID0:\"forestry.boolTrue\",Slot:8b},{UID1:\"forestry.flowersVanilla\",UID0:\"forestry.flowersVanilla\",Slot:9b},{UID1:\"forestry.floweringSlowest\",UID0:\"forestry.floweringSlowest\",Slot:10b},{UID1:\"forestry.territoryAverage\",UID0:\"forestry.territoryAverage\",Slot:11b},{UID1:\"forestry.effectNone\",UID0:\"forestry.effectNone\",Slot:12b}]}}",
				"fortunes": {
					"0": 0.2414,
					"1": 0.2345,
					"2": 0.2488,
					"3": 0.2379
				}
			},
			{
				"itemStack": "forestry:bee_princess_ge:0:{MaxH:50,Health:50,IsAnalyzed:0b,Genome:{Chromosomes:[{UID1:\"forestry.speciesValiant\",UID0:\"forestry.speciesValiant\",Slot:0b},{UID1:\"forestry.speedSlow\",UID0:\"forestry.speedSlow\",Slot:1b},{UID1:\"forestry.lifespanLong\",UID0:\"forestry.lifespanLong\",Slot:2b},{UID1:\"forestry.fertilityNormal\",UID0:\"forestry.fertilityNormal\",Slot:3b},{UID1:\"forestry.toleranceNone\",UID0:\"forestry.toleranceNone\",Slot:4b},{UID1:\"forestry.boolTrue\",UID0:\"forestry.boolTrue\",Slot:5b},{UID1:\"forestry.toleranceNone\",UID0:\"forestry.toleranceNone\",Slot:6b},{UID1:\"forestry.boolFalse\",UID0:\"forestry.boolFalse\",Slot:7b},{UID1:\"forestry.boolTrue\",UID0:\"forestry.boolTrue\",Slot:8b},{UID1:\"forestry.flowersVanilla\",UID0:\"forestry.flowersVanilla\",Slot:9b},{UID1:\"forestry.floweringSlowest\",UID0:\"forestry.floweringSlowest\",Slot:10b},{UID1:\"forestry.territoryAverage\",UID0:\"forestry.territoryAverage\",Slot:11b},{UID1:\"forestry.effectNone\",UID0:\"forestry.effectNone\",Slot:12b}]}}",
				"fortunes": {
					"0": 0.2439,
					"1": 0.2507,
					"2": 0.2388,
					"3": 0.2514
				}
			},
			{
				"itemStack": "forestry:bee_drone_ge:0:{MaxH:50,Health:50,IsAnalyzed:0b,Genome:{Chromosomes:[{UID1:\"forestry.speciesValiant\",UID0:\"forestry.speciesValiant\",Slot:0b},{UID1:\"forestry.speedSlow\",UID0:\"forestry.speedSlow\",Slot:1b},{UID1:\"forestry.lifespanLong\",UID0:\"forestry.lifespanLong\",Slot:2b},{UID1:\"forestry.fertilityNormal\",UID0:\"forestry.fertilityNormal\",Slot:3b},{UID1:\"forestry.toleranceNone\",UID0:\"forestry.toleranceNone\",Slot:4b},{UID1:\"forestry.boolTrue\",UID0:\"forestry.boolTrue\",Slot:5b},{UID1:\"forestry.toleranceNone\",UID0:\"forestry.toleranceNone\",Slot:6b},{UID1:\"forestry.boolFalse\",UID0:\"forestry.boolFalse\",Slot:7b},{UID1:\"forestry.boolTrue\",UID0:\"forestry.boolTrue\",Slot:8b},{UID1:\"forestry.flowersVanilla\",UID0:\"forestry.flowersVanilla\",Slot:9b},{UID1:\"forestry.floweringSlowest\",UID0:\"forestry.floweringSlowest\",Slot:10b},{UID1:\"forestry.territoryAverage\",UID0:\"forestry.territoryAverage\",Slot:11b},{UID1:\"forestry.effectNone\",UID0:\"forestry.effectNone\",Slot:12b}]}}",
				"fortunes": {
					"0": 0.0603,
					"1": 0.0624,
					"2": 0.0602,
					"3": 0.0615
				}
			}
		],
		"dim": "the_nether"
	},
	{
		"block": "minecraft:quartz_ore:0",
		"distrib": "0,0.0;6,0.0;7,7.8125E-4;8,0.0026041667;9,0.0043229167;10,0.0071875;11,0.0086458335;12,0.010260417;13,0.009322917;14,0.006875;15,0.009166666;16,0.010260417;17,0.0096875;18,0.00875;19,0.0066145835;20,0.0077083334;21,0.0072916667;22,0.00484375;23,0.0052083335;24,0.0058333334;25,0.005729167;26,0.0052083335;27,0.00609375;28,0.006197917;29,0.00546875;30,0.0038020834;31,0.0046875;32,0.005052083;33,0.0048958333;34,0.0054166666;35,0.006197917;36,0.005989583;37,0.0053645833;38,0.005;39,0.005;40,0.0046354164;41,0.0030729168;42,0.0036458333;43,0.00484375;44,0.0040625;45,0.00375;46,0.0040625;47,0.0051041665;48,0.005729167;49,0.0053125;50,0.006875;51,0.006875;52,0.00734375;53,0.009479167;54,0.00796875;55,0.007916667;56,0.008541667;57,0.006666667;58,0.0078125;59,0.008385417;60,0.0061458335;61,0.007135417;62,0.0084375;63,0.01078125;64,0.008125;65,0.0055729165;66,0.006458333;67,0.0060416665;68,0.006197917;69,0.0055729165;70,0.00734375;71,0.008072916;72,0.0069791665;73,0.0072916667;74,0.00734375;75,0.0067708334;76,0.00578125;77,0.0066145835;78,0.0067708334;79,0.00671875;80,0.007552083;81,0.009375;82,0.00765625;83,0.0046875;84,0.0039583333;85,0.0048958333;86,0.00625;87,0.006458333;88,0.005052083;89,0.0069791665;90,0.0075;91,0.00359375;92,0.00359375;93,0.00609375;94,0.006458333;95,0.005;96,0.00390625;97,0.0033333334;98,0.00375;99,0.0049479166;100,0.005625;101,0.0063020834;102,0.005;103,0.005052083;104,0.008072916;105,0.00734375;106,0.00765625;107,0.0072395834;108,0.008854167;109,0.010572917;110,0.00890625;111,0.006875;112,0.0010416667;113,0.0013020834;114,6.770833E-4;115,4.6875E-4;116,2.0833334E-4;117,0.0;",
		"silktouch": true,
		"dropsList": [
			{
				"itemStack": "minecraft:quartz:0",
				"fortunes": {
					"0": 1.0,
					"1": 1.3367,
					"2": 1.7456,
					"3": 2.2059
				}
			}
		],
		"dim": "the_nether"
	},
	{
		"block": "biomesoplenty:log_2:7",
		"distrib": "0,0.0;4,0.0;5,5.2083335E-5;6,5.2083335E-5;7,0.0;31,0.0;32,1.5625E-4;33,1.5625E-4;34,1.0416667E-4;35,1.5625E-4;36,2.0833334E-4;37,1.0416667E-4;38,0.0;39,1.0416667E-4;40,1.5625E-4;41,5.2083335E-5;42,0.0;43,0.0;44,5.2083335E-5;45,5.2083335E-5;46,0.0;47,5.2083335E-5;48,5.2083335E-5;49,0.0;56,0.0;57,1.0416667E-4;58,2.0833334E-4;59,1.5625E-4;60,5.2083335E-5;61,0.0;66,0.0;67,5.2083335E-5;68,2.0833334E-4;69,2.6041668E-4;70,2.0833334E-4;71,1.5625E-4;72,5.2083335E-5;73,0.0;74,5.2083335E-5;75,5.2083335E-5;76,0.0;77,5.2083335E-5;78,3.125E-4;79,3.6458333E-4;80,1.0416667E-4;81,5.2083335E-5;82,1.0416667E-4;83,5.2083335E-5;84,1.5625E-4;85,2.0833334E-4;86,1.5625E-4;87,1.5625E-4;88,1.0416667E-4;89,1.0416667E-4;90,5.2083335E-5;91,5.2083335E-5;92,1.5625E-4;93,2.0833334E-4;94,2.6041668E-4;95,1.5625E-4;96,0.0;",
		"silktouch": false,
		"dim": "the_nether"
	},
	{
		"block": "minecraft:glowstone:0",
		"distrib": "0,0.0;39,0.0;40,5.2083335E-5;41,3.6458333E-4;42,3.125E-4;43,0.0013541667;44,9.375E-4;45,3.125E-4;46,5.2083336E-4;47,1.0416667E-4;48,3.6458333E-4;49,3.125E-4;50,0.0;54,0.0;55,3.125E-4;56,3.125E-4;57,2.6041668E-4;58,0.0;61,0.0;62,2.6041668E-4;63,0.0;70,0.0;71,1.0416667E-4;72,5.2083336E-4;73,8.3333335E-4;74,0.0;87,0.0;88,1.5625E-4;89,2.0833334E-4;90,5.2083335E-5;91,0.0;92,5.2083335E-5;93,0.0;94,0.0;95,5.2083335E-5;96,3.125E-4;97,4.6875E-4;98,1.5625E-4;99,2.6041668E-4;100,3.125E-4;101,0.0;104,0.0;105,5.2083335E-5;106,5.2083335E-5;107,3.125E-4;108,0.0;",
		"silktouch": true,
		"dropsList": [
			{
				"itemStack": "minecraft:glowstone_dust:0",
				"fortunes": {
					"0": 2.9758,
					"1": 3.3287,
					"2": 3.5639,
					"3": 3.6613
				}
			}
		],
		"dim": "the_nether"
	},
	{
		"block": "thermalfoundation:fluid_glowstone:0",
		"distrib": "0,0.0;6,0.0;7,5.2083335E-5;9,5.2083335E-5;10,1.5625E-4;11,1.0416667E-4;12,5.2083335E-5;13,2.0833334E-4;14,5.2083335E-5;15,0.0;17,0.0;18,5.2083335E-5;19,2.0833334E-4;20,1.0416667E-4;21,0.0;22,3.125E-4;23,2.6041668E-4;24,2.0833334E-4;25,0.0;26,1.0416667E-4;27,1.5625E-4;28,2.0833334E-4;29,1.0416667E-4;30,2.6041668E-4;31,5.2083335E-5;32,0.0;33,1.0416667E-4;34,1.0416667E-4;35,1.5625E-4;36,5.2083335E-5;37,1.5625E-4;38,1.5625E-4;39,0.0;",
		"silktouch": false,
		"dim": "the_nether"
	},
	{
		"block": "biomesoplenty:ivy:0",
		"distrib": "0,0.0;53,0.0;54,5.2083335E-5;56,5.2083335E-5;57,1.0416667E-4;58,1.5625E-4;59,2.0833334E-4;60,2.6041668E-4;61,4.1666668E-4;62,4.6875E-4;63,5.7291664E-4;65,5.7291664E-4;66,6.770833E-4;67,9.375E-4;68,0.0010416667;69,0.0015625;70,0.00234375;71,0.00296875;72,0.0034375;73,0.0028645834;74,0.0021354167;75,0.0013541667;76,9.375E-4;77,5.7291664E-4;78,1.0416667E-4;79,5.2083335E-5;82,5.2083335E-5;83,3.125E-4;84,6.770833E-4;85,9.895833E-4;86,0.00140625;87,0.00203125;88,0.0027604166;89,0.0033854167;90,0.0040625;91,0.0049479166;92,0.0054166666;93,0.00609375;94,0.0077604167;95,0.008333334;96,0.00890625;97,0.008541667;98,0.008072916;99,0.007552083;100,0.0069270832;101,0.0065104165;102,0.00578125;103,0.0051041665;104,0.0030208332;105,6.770833E-4;106,5.2083335E-5;107,0.0;110,0.0;111,2.6041668E-4;112,0.0;",
		"silktouch": false,
		"dim": "the_nether"
	},
	{
		"block": "biomesoplenty:leaves_3:8",
		"distrib": "0,0.0;5,0.0;6,1.0416667E-4;7,5.2083335E-5;8,0.0;32,0.0;33,2.6041668E-4;34,2.0833334E-4;35,3.125E-4;36,4.6875E-4;37,3.6458333E-4;38,1.0416667E-4;39,0.0;40,3.6458333E-4;41,3.125E-4;42,5.2083335E-5;43,0.0;44,0.0;45,2.6041668E-4;46,5.2083335E-5;47,0.0;48,2.0833334E-4;49,5.2083335E-5;50,0.0;57,0.0;58,2.6041668E-4;59,3.6458333E-4;60,2.6041668E-4;61,5.2083335E-5;62,0.0;67,0.0;68,2.0833334E-4;69,6.770833E-4;70,5.2083336E-4;71,4.1666668E-4;72,2.6041668E-4;73,5.2083335E-5;74,0.0;75,1.5625E-4;76,5.2083335E-5;77,0.0;78,1.5625E-4;79,9.375E-4;80,6.25E-4;81,1.0416667E-4;82,1.0416667E-4;83,1.5625E-4;84,5.2083335E-5;85,6.25E-4;86,3.6458333E-4;87,3.125E-4;88,1.5625E-4;89,2.0833334E-4;90,2.6041668E-4;91,5.2083335E-5;92,2.0833334E-4;93,3.125E-4;94,3.125E-4;95,7.2916667E-4;96,1.5625E-4;97,0.0;",
		"silktouch": true,
		"dropsList": [
			{
				"itemStack": "biomesoplenty:sapling_1:4",
				"fortunes": {
					"0": 0.0514,
					"1": 0.0593,
					"2": 0.0888,
					"3": 0.0956
				}
			}
		],
		"dim": "the_nether"
	},
	{
		"block": "draconicevolution:draconium_ore:1",
		"distrib": "0,0.0;3,0.0;4,5.2083335E-5;5,0.0;7,0.0;8,1.0416667E-4;9,0.0;15,0.0;16,1.0416667E-4;17,0.0;25,0.0;26,1.0416667E-4;27,0.0;37,0.0;38,5.2083335E-5;39,0.0;53,0.0;54,1.0416667E-4;55,0.0;98,0.0;99,1.0416667E-4;100,0.0;101,1.0416667E-4;102,0.0;103,1.0416667E-4;104,0.0;",
		"silktouch": true,
		"dropsList": [
			{
				"itemStack": "draconicevolution:draconium_dust:0",
				"fortunes": {
					"0": 3.4961,
					"1": 4.4953,
					"2": 5.4816,
					"3": 6.5079
				}
			}
		],
		"dim": "the_nether"
	},
	{
		"block": "oreshrubs:oreshrub_quartz:0",
		"distrib": "0,0.0;87,0.0;88,1.0416667E-4;89,0.0;",
		"silktouch": false,
		"dropsList": [
			{
				"itemStack": "oreshrubs:oreshrub_quartz:0",
				"fortunes": {
					"0": 1.0,
					"1": 1.0,
					"2": 1.0,
					"3": 1.0
				}
			}
		],
		"dim": "the_nether"
	},
	{
		"block": "minecraft:netherrack:0",
		"distrib": "0,0.0;1,0.15572916;2,0.315625;3,0.49885416;4,0.6878125;5,0.90729165;6,0.9000521;7,0.8905729;8,0.8902083;9,0.89421874;10,0.89875;11,0.90223956;12,0.9041146;13,0.9088542;14,0.9134375;15,0.91265625;16,0.91307294;17,0.91609377;18,0.9046354;19,0.88682294;20,0.83520836;21,0.82427084;22,0.79604167;23,0.7441667;24,0.65770835;25,0.60572916;26,0.5571875;27,0.53255206;28,0.4958854;29,0.47770834;30,0.4546875;31,0.4234375;32,0.39;33,0.37760416;34,0.38;35,0.40302083;36,0.4221354;37,0.43520832;38,0.42854166;39,0.41338542;40,0.38083333;41,0.3852604;42,0.41708332;43,0.44765624;44,0.48276043;45,0.5155729;46,0.53953123;47,0.5448958;48,0.5493229;49,0.57208335;50,0.609375;51,0.63979167;52,0.68901044;53,0.6954167;54,0.70375;55,0.70958334;56,0.6951042;57,0.73588544;58,0.7796354;59,0.8274479;60,0.8455729;61,0.8330208;62,0.82703125;63,0.8310937;64,0.8321875;65,0.8286979;66,0.82145834;67,0.79375;68,0.7696875;69,0.7398437;70,0.71734375;71,0.701875;72,0.6990625;73,0.7084375;74,0.72489583;75,0.7441667;76,0.7403646;77,0.73567706;78,0.72875;79,0.7211979;80,0.7134896;81,0.7029688;82,0.69;83,0.6535417;84,0.5971354;85,0.5810417;86,0.5575;87,0.5503125;88,0.5338542;89,0.56572914;90,0.5782292;91,0.5774479;92,0.57453126;93,0.55125;94,0.54640627;95,0.5498958;96,0.5528125;97,0.57125;98,0.58984375;99,0.6124479;100,0.631875;101,0.65375;102,0.68390626;103,0.70447916;104,0.72203124;105,0.7977604;106,0.8691667;107,0.8876042;108,0.89166665;109,0.89;110,0.89;111,0.8910417;112,0.03890625;113,0.038697917;114,0.039270833;115,0.039322916;116,0.039791666;117,0.039791666;118,0.04;119,0.039947916;120,0.039791666;121,0.04;122,0.04;123,0.0309375;124,0.024270833;125,0.015520833;126,0.008333334;127,0.0;",
		"silktouch": false,
		"dim": "the_nether"
	},
	{
		"block": "minecraft:red_mushroom:0",
		"distrib": "0,0.0;1,0.0;2,1.0416667E-4;3,0.0;4,5.2083335E-5;5,1.0416667E-4;6,1.0416667E-4;7,0.0;26,0.0;27,1.5625E-4;28,0.0;31,0.0;32,1.0416667E-4;33,1.0416667E-4;34,5.2083335E-5;35,1.5625E-4;36,7.8125E-4;37,7.8125E-4;38,7.2916667E-4;39,5.7291664E-4;40,5.2083335E-5;41,5.2083335E-5;42,2.0833334E-4;43,2.6041668E-4;44,5.2083336E-4;45,9.375E-4;46,8.854167E-4;47,9.375E-4;48,0.0011979167;49,7.2916667E-4;50,7.2916667E-4;51,5.2083336E-4;52,5.2083335E-5;57,5.2083335E-5;58,6.770833E-4;59,6.770833E-4;60,7.8125E-4;61,4.6875E-4;62,2.0833334E-4;63,0.0;64,5.2083335E-5;65,2.0833334E-4;66,6.770833E-4;67,9.375E-4;68,0.00140625;69,0.0016666667;70,0.00171875;71,0.0015104166;72,0.0010416667;73,1.0416667E-4;74,1.0416667E-4;75,7.2916667E-4;76,7.8125E-4;77,8.3333335E-4;78,0.0010416667;79,1.5625E-4;80,1.0416667E-4;81,1.5625E-4;82,1.0416667E-4;83,7.2916667E-4;84,0.0013020834;85,0.00125;86,0.00109375;87,7.2916667E-4;88,4.6875E-4;89,4.1666668E-4;90,3.125E-4;91,5.2083335E-5;92,0.0;93,3.6458333E-4;94,1.5625E-4;95,5.2083335E-5;96,0.0;97,5.2083335E-5;98,0.0;99,5.2083335E-5;100,1.0416667E-4;101,0.0;102,0.0;103,5.2083335E-5;104,0.0;",
		"silktouch": false,
		"dropsList": [
			{
				"itemStack": "minecraft:red_mushroom:0",
				"fortunes": {
					"0": 1.0,
					"1": 1.0,
					"2": 1.0,
					"3": 1.0
				}
			}
		],
		"dim": "the_nether"
	},
	{
		"block": "minecraft:brown_mushroom:0",
		"distrib": "0,0.0;4,0.0;5,5.2083335E-5;6,5.2083335E-5;7,0.0;32,0.0;33,2.0833334E-4;34,5.2083335E-5;35,3.125E-4;36,2.6041668E-4;37,0.0;38,6.25E-4;39,0.0;40,5.2083335E-5;41,5.2083335E-5;42,1.5625E-4;43,1.0416667E-4;44,1.5625E-4;45,0.00234375;46,2.0833334E-4;47,2.6041668E-4;48,5.2083335E-5;49,0.0;64,0.0;65,3.125E-4;66,5.2083336E-4;67,3.6458333E-4;68,2.0833334E-4;69,3.6458333E-4;70,2.0833334E-4;71,5.2083335E-5;72,1.0416667E-4;73,0.00234375;74,5.2083335E-5;75,0.0;76,5.2083335E-5;77,0.0;78,1.5625E-4;79,0.0;80,5.2083335E-5;81,0.0;82,5.2083335E-5;83,5.2083335E-5;84,0.0;85,0.0;86,1.0416667E-4;87,0.0;91,0.0;92,1.0416667E-4;93,2.0833334E-4;94,1.5625E-4;95,1.5625E-4;96,5.2083335E-5;97,0.0;",
		"silktouch": false,
		"dropsList": [
			{
				"itemStack": "minecraft:brown_mushroom:0",
				"fortunes": {
					"0": 1.0,
					"1": 1.0,
					"2": 1.0,
					"3": 1.0
				}
			}
		],
		"dim": "the_nether"
	},
	{
		"block": "biomesoplenty:grass:8",
		"distrib": "0,0.0;22,0.0;23,2.0833334E-4;24,5.2083335E-5;25,1.0416667E-4;26,2.0833334E-4;27,3.125E-4;28,0.0011458333;29,3.6458333E-4;30,2.0833334E-4;31,0.0;32,5.2083335E-5;34,5.2083335E-5;35,0.0;36,2.6041668E-4;37,3.125E-4;38,5.7291664E-4;39,7.2916667E-4;40,0.0018229167;41,0.0025;42,0.00109375;43,3.6458333E-4;44,3.125E-4;45,1.5625E-4;46,2.6041668E-4;47,2.0833334E-4;48,1.5625E-4;49,5.2083335E-5;50,1.0416667E-4;51,5.2083335E-5;52,2.6041668E-4;53,1.0416667E-4;54,2.0833334E-4;55,1.5625E-4;56,2.0833334E-4;57,5.2083335E-5;58,2.0833334E-4;59,0.00125;60,1.5625E-4;61,0.0;65,0.0;66,3.125E-4;67,0.0042708335;68,0.0032291666;69,1.0416667E-4;70,0.0;79,0.0;80,5.2083335E-5;81,0.0;82,0.0;83,7.2916667E-4;84,4.1666668E-4;85,2.0833334E-4;86,2.6041668E-4;87,2.6041668E-4;88,3.125E-4;89,2.6041668E-4;90,3.125E-4;91,2.0833334E-4;92,5.2083335E-5;93,0.0;97,0.0;98,1.0416667E-4;99,0.0015104166;100,5.2083335E-5;101,0.0;",
		"silktouch": true,
		"dropsList": [
			{
				"itemStack": "minecraft:netherrack:0",
				"fortunes": {
					"0": 1.0,
					"1": 1.0,
					"2": 1.0,
					"3": 1.0
				}
			}
		],
		"dim": "the_nether"
	},
	{
		"block": "thermalfoundation:fluid_redstone:0",
		"distrib": "0,0.0;4,0.0;5,1.0416667E-4;6,2.6041668E-4;7,5.2083335E-5;8,5.2083335E-5;9,1.0416667E-4;10,0.0;12,0.0;13,5.2083335E-5;14,1.5625E-4;15,1.5625E-4;16,0.0;",
		"silktouch": false,
		"dim": "overworld"
	},
	{
		"block": "minecraft:bedrock:0",
		"distrib": "0,1.0;1,0.0;",
		"silktouch": true,
		"dim": "overworld"
	},
	{
		"block": "minecraft:snow:0",
		"distrib": "0,0.0;6,0.0;7,0.019583333;8,0.04067708;9,0.03671875;10,0.0;11,2.6041668E-4;12,1.0416667E-4;13,0.0;",
		"silktouch": true,
		"dropsList": [
			{
				"itemStack": "minecraft:snowball:0",
				"fortunes": {
					"0": 4.0,
					"1": 4.0,
					"2": 4.0,
					"3": 4.0
				}
			}
		],
		"dim": "overworld"
	},
	{
		"block": "minecraft:iron_ore:0",
		"distrib": "0,0.0;74,0.0;75,0.0046875;76,0.0;",
		"silktouch": false,
		"dim": "overworld"
	},
	{
		"block": "minecraft:lapis_ore:0",
		"distrib": "0,0.0;6,0.0;7,0.0074479165;8,0.0;13,0.0;14,0.013802083;15,0.0;20,0.0;21,0.0146875;22,0.0;27,0.0;28,0.01421875;29,0.0;34,0.0;35,0.014947916;36,0.0;41,0.0;42,0.010364584;43,0.0;48,0.0;49,0.010260417;50,0.0;55,0.0;56,0.01015625;57,0.0;62,0.0;63,0.01078125;64,0.0;69,0.0;70,0.011041666;71,0.0;76,0.0;77,0.009739583;78,0.0;83,0.0;84,7.8125E-4;85,0.0;",
		"silktouch": true,
		"dropsList": [
			{
				"itemStack": "minecraft:dye:4",
				"fortunes": {
					"0": 5.9848,
					"1": 8.0022,
					"2": 10.5136,
					"3": 13.1854
				}
			}
		],
		"dim": "overworld"
	},
	{
		"block": "minecraft:snow_layer:0",
		"distrib": "0,0.0;124,0.0;125,0.00125;126,1.0416667E-4;127,9.375E-4;128,0.0;",
		"silktouch": false,
		"dropsList": [
			{
				"itemStack": "minecraft:snowball:0",
				"fortunes": {
					"0": 2.0,
					"1": 2.0,
					"2": 2.0,
					"3": 2.0
				}
			}
		],
		"dim": "overworld"
	},
	{
		"block": "actuallyadditions:block_crystal_cluster_redstone:0",
		"distrib": "0,0.0;26,0.0;27,5.2083335E-5;28,0.0;75,0.0;76,5.2083335E-5;77,0.0;",
		"silktouch": true,
		"dropsList": [
			{
				"itemStack": "actuallyadditions:item_crystal_shard:0",
				"fortunes": {
					"0": 3.9967,
					"1": 4.0233,
					"2": 4.0102,
					"3": 4.0055
				}
			}
		],
		"dim": "overworld"
	},
	{
		"block": "minecraft:sand:0",
		"distrib": "0,0.0;46,0.0;47,0.04140625;48,0.0;",
		"silktouch": false,
		"dim": "overworld"
	},
	{
		"block": "forestry:resources:0",
		"distrib": "0,0.0;54,0.0;55,4.6875E-4;56,0.0031770833;57,0.00515625;58,0.0061458335;59,0.00546875;60,0.0;61,0.0028645834;62,0.0038020834;63,0.0042708335;64,0.0014583333;65,6.25E-4;66,0.0;68,0.0;69,7.2916667E-4;70,0.0015625;71,0.001875;72,0.0;73,5.2083336E-4;74,0.0;",
		"silktouch": true,
		"dropsList": [
			{
				"itemStack": "forestry:apatite:0",
				"fortunes": {
					"0": 4.0125,
					"1": 5.3389,
					"2": 7.1312,
					"3": 8.7605
				}
			}
		],
		"dim": "overworld"
	},
	{
		"block": "minecraft:air:0",
		"distrib": "0,0.0;16,0.0;17,0.0020833334;18,0.005989583;19,0.0063020834;20,0.0066145835;21,0.009114583;22,0.010677083;23,0.010520834;24,0.013020833;25,0.015989583;26,0.017291667;27,0.02015625;28,0.02671875;29,0.030208332;30,0.0284375;31,0.026041666;32,0.02515625;33,0.022604167;34,0.0246875;35,0.02546875;36,0.029010417;37,0.0284375;38,0.028489584;39,0.028177083;40,0.028333334;41,0.025104167;42,0.023958333;43,0.0203125;44,0.017604167;45,0.012864583;46,0.005;47,0.00296875;48,0.0022395833;49,0.0;57,0.0;58,0.0027604166;59,0.0047395835;60,0.005052083;61,0.00484375;62,0.00234375;63,0.0;73,0.0;74,0.0026041667;75,0.0046354164;76,0.0066145835;77,0.0077083334;78,0.0134375;79,0.023697916;80,0.013958333;81,0.017708333;82,0.020885417;83,0.023020834;84,0.025208334;85,0.028541667;86,0.029322917;87,0.035052083;88,0.038229167;89,0.035885416;90,0.034427084;91,0.0365625;92,0.048541665;93,0.065416664;94,0.088541664;95,0.10703125;96,0.04921875;97,0.0640625;98,0.08270834;99,0.098645836;100,0.11171875;101,0.1159375;102,0.12755208;103,0.13609375;104,0.15588541;105,0.1828125;106,0.19171876;107,0.19286458;108,0.18859375;109,0.19760416;110,0.20380208;111,0.20078126;112,0.025520833;113,0.02421875;114,0.025520833;115,0.02609375;116,0.02625;121,0.02625;122,0.024895834;123,0.0234375;124,0.0215625;125,0.023645833;126,0.0240625;127,0.024895834;128,0.0;",
		"silktouch": false,
		"dim": "overworld"
	},
	{
		"block": "actuallyadditions:block_crystal_cluster_coal:0",
		"distrib": "0,0.0;42,0.0;43,5.2083335E-5;44,0.0;84,0.0;85,5.2083335E-5;86,0.0;",
		"silktouch": true,
		"dropsList": [
			{
				"itemStack": "actuallyadditions:item_crystal_shard:3",
				"fortunes": {
					"0": 4.004,
					"1": 3.9976,
					"2": 3.9655,
					"3": 3.992
				}
			}
		],
		"dim": "overworld"
	},
	{
		"block": "minecraft:gravel:0",
		"distrib": "0,0.0;15,0.0;16,0.73609376;17,0.0;31,0.0;32,0.7161979;33,0.0;46,0.0;47,0.011458334;48,0.0;63,0.0;64,0.49546874;65,0.0;79,0.0;80,0.2744271;81,0.0;",
		"silktouch": false,
		"dropsList": [
			{
				"itemStack": "minecraft:flint:0",
				"fortunes": {
					"0": 0.101,
					"1": 0.1441,
					"2": 0.2498,
					"3": 1.0
				}
			}
		],
		"dim": "overworld"
	},
	{
		"block": "minecraft:leaves:0",
		"distrib": "0,0.0;18,0.0;19,0.0016145833;20,0.00234375;21,0.0014583333;22,7.2916667E-4;23,0.0013541667;24,0.001875;25,0.0019791666;26,0.00359375;27,0.0047395835;28,0.0047916668;29,0.0047395835;30,0.005260417;31,0.00421875;32,0.004375;33,0.0046354164;34,0.0047395835;35,0.0053125;36,0.0043229167;37,0.0023958334;38,4.6875E-4;39,0.0;76,0.0;77,5.2083336E-4;78,3.125E-4;79,0.0;80,6.25E-4;81,2.6041668E-4;82,0.0;",
		"silktouch": true,
		"dropsList": [
			{
				"itemStack": "minecraft:apple:0",
				"fortunes": {
					"0": 0.0045,
					"1": 0.0051,
					"2": 0.005,
					"3": 0.0079
				}
			},
			{
				"itemStack": "minecraft:sapling:0",
				"fortunes": {
					"0": 0.0519,
					"1": 0.0624,
					"2": 0.0855,
					"3": 0.102
				}
			}
		],
		"dim": "overworld"
	},
	{
		"block": "chisel:marble2:7",
		"distrib": "0,0.0;28,0.0;29,5.7291664E-4;30,0.014010416;31,0.04015625;32,0.01921875;33,0.07010417;34,0.069375;35,0.0721875;36,0.01796875;37,0.071354166;38,0.06994791;39,0.062135417;40,0.064114586;41,0.051666666;42,0.047760416;43,0.049322918;44,0.045;45,0.042135417;46,0.04921875;47,0.052291665;48,0.010729167;49,0.046770833;50,0.04640625;51,0.045416668;52,0.04671875;53,0.04473958;54,0.045885418;55,0.042395834;56,0.04510417;57,0.0478125;58,0.04864583;59,0.055;60,0.0165625;61,0.053697918;62,0.044114582;63,0.021041667;64,0.00171875;65,0.0;",
		"silktouch": false,
		"dim": "overworld"
	},
	{
		"block": "minecraft:fence:0",
		"distrib": "0,0.0;27,0.0;28,4.1666668E-4;29,4.1666668E-4;30,0.0;31,1.0416667E-4;32,1.0416667E-4;33,0.0;38,0.0;39,3.125E-4;40,0.0013541667;41,0.0013020834;42,2.6041668E-4;43,7.2916667E-4;44,7.2916667E-4;45,0.0;",
		"silktouch": false,
		"dropsList": [
			{
				"itemStack": "minecraft:fence:0",
				"fortunes": {
					"0": 1.0,
					"1": 1.0,
					"2": 1.0,
					"3": 1.0
				}
			}
		],
		"dim": "overworld"
	},
	{
		"block": "extrabees:hive:0",
		"distrib": "0,0.0;46,0.0;47,5.2083335E-5;48,0.0;",
		"silktouch": false,
		"dropsList": [
			{
				"itemStack": "forestry:bee_princess_ge:0:{MaxH:50,NA:0b,Health:50,IsAnalyzed:0b,Genome:{Chromosomes:[{UID1:\"forestry.speciesValiant\",UID0:\"forestry.speciesValiant\",Slot:0b},{UID1:\"forestry.speedSlow\",UID0:\"forestry.speedSlow\",Slot:1b},{UID1:\"forestry.lifespanLong\",UID0:\"forestry.lifespanLong\",Slot:2b},{UID1:\"forestry.fertilityNormal\",UID0:\"forestry.fertilityNormal\",Slot:3b},{UID1:\"forestry.toleranceNone\",UID0:\"forestry.toleranceNone\",Slot:4b},{UID1:\"forestry.boolTrue\",UID0:\"forestry.boolTrue\",Slot:5b},{UID1:\"forestry.toleranceNone\",UID0:\"forestry.toleranceNone\",Slot:6b},{UID1:\"forestry.boolFalse\",UID0:\"forestry.boolFalse\",Slot:7b},{UID1:\"forestry.boolTrue\",UID0:\"forestry.boolTrue\",Slot:8b},{UID1:\"forestry.flowersVanilla\",UID0:\"forestry.flowersVanilla\",Slot:9b},{UID1:\"forestry.floweringSlowest\",UID0:\"forestry.floweringSlowest\",Slot:10b},{UID1:\"forestry.territoryAverage\",UID0:\"forestry.territoryAverage\",Slot:11b},{UID1:\"forestry.effectNone\",UID0:\"forestry.effectNone\",Slot:12b}]}}",
				"fortunes": {
					"0": 0.0111,
					"1": 0.0109,
					"2": 0.0095,
					"3": 0.0103
				}
			},
			{
				"itemStack": "forestry:bee_princess_ge:0:{MaxH:30,Health:30,IsAnalyzed:0b,Genome:{Chromosomes:[{UID1:\"extrabees.species.marble\",UID0:\"extrabees.species.marble\",Slot:0b},{UID1:\"forestry.speedSlower\",UID0:\"forestry.speedSlower\",Slot:1b},{UID1:\"forestry.lifespanShort\",UID0:\"forestry.lifespanShort\",Slot:2b},{UID1:\"forestry.fertilityNormal\",UID0:\"forestry.fertilityNormal\",Slot:3b},{UID1:\"forestry.toleranceNone\",UID0:\"forestry.toleranceNone\",Slot:4b},{UID1:\"forestry.boolFalse\",UID0:\"forestry.boolFalse\",Slot:5b},{UID1:\"forestry.toleranceNone\",UID0:\"forestry.toleranceNone\",Slot:6b},{UID1:\"forestry.boolFalse\",UID0:\"forestry.boolFalse\",Slot:7b},{UID1:\"forestry.boolFalse\",UID0:\"forestry.boolFalse\",Slot:8b},{UID1:\"forestry.flowersVanilla\",UID0:\"forestry.flowersVanilla\",Slot:9b},{UID1:\"forestry.floweringSlow\",UID0:\"forestry.floweringSlow\",Slot:10b},{UID1:\"forestry.territoryAverage\",UID0:\"forestry.territoryAverage\",Slot:11b},{UID1:\"forestry.effectNone\",UID0:\"forestry.effectNone\",Slot:12b}]}}",
				"fortunes": {
					"0": 0.4904,
					"1": 0.4956,
					"2": 0.4908,
					"3": 0.4949
				}
			},
			{
				"itemStack": "forestry:bee_drone_ge:0:{MaxH:50,Health:50,IsAnalyzed:0b,Genome:{Chromosomes:[{UID1:\"forestry.speciesValiant\",UID0:\"forestry.speciesValiant\",Slot:0b},{UID1:\"forestry.speedSlow\",UID0:\"forestry.speedSlow\",Slot:1b},{UID1:\"forestry.lifespanLong\",UID0:\"forestry.lifespanLong\",Slot:2b},{UID1:\"forestry.fertilityNormal\",UID0:\"forestry.fertilityNormal\",Slot:3b},{UID1:\"forestry.toleranceNone\",UID0:\"forestry.toleranceNone\",Slot:4b},{UID1:\"forestry.boolTrue\",UID0:\"forestry.boolTrue\",Slot:5b},{UID1:\"forestry.toleranceNone\",UID0:\"forestry.toleranceNone\",Slot:6b},{UID1:\"forestry.boolFalse\",UID0:\"forestry.boolFalse\",Slot:7b},{UID1:\"forestry.boolTrue\",UID0:\"forestry.boolTrue\",Slot:8b},{UID1:\"forestry.flowersVanilla\",UID0:\"forestry.flowersVanilla\",Slot:9b},{UID1:\"forestry.floweringSlowest\",UID0:\"forestry.floweringSlowest\",Slot:10b},{UID1:\"forestry.territoryAverage\",UID0:\"forestry.territoryAverage\",Slot:11b},{UID1:\"forestry.effectNone\",UID0:\"forestry.effectNone\",Slot:12b}]}}",
				"fortunes": {
					"0": 0.0189,
					"1": 0.0173,
					"2": 0.0191,
					"3": 0.0195
				}
			},
			{
				"itemStack": "forestry:bee_princess_ge:0:{MaxH:50,Health:50,IsAnalyzed:0b,Genome:{Chromosomes:[{UID1:\"forestry.speciesValiant\",UID0:\"forestry.speciesValiant\",Slot:0b},{UID1:\"forestry.speedSlow\",UID0:\"forestry.speedSlow\",Slot:1b},{UID1:\"forestry.lifespanLong\",UID0:\"forestry.lifespanLong\",Slot:2b},{UID1:\"forestry.fertilityNormal\",UID0:\"forestry.fertilityNormal\",Slot:3b},{UID1:\"forestry.toleranceNone\",UID0:\"forestry.toleranceNone\",Slot:4b},{UID1:\"forestry.boolTrue\",UID0:\"forestry.boolTrue\",Slot:5b},{UID1:\"forestry.toleranceNone\",UID0:\"forestry.toleranceNone\",Slot:6b},{UID1:\"forestry.boolFalse\",UID0:\"forestry.boolFalse\",Slot:7b},{UID1:\"forestry.boolTrue\",UID0:\"forestry.boolTrue\",Slot:8b},{UID1:\"forestry.flowersVanilla\",UID0:\"forestry.flowersVanilla\",Slot:9b},{UID1:\"forestry.floweringSlowest\",UID0:\"forestry.floweringSlowest\",Slot:10b},{UID1:\"forestry.territoryAverage\",UID0:\"forestry.territoryAverage\",Slot:11b},{UID1:\"forestry.effectNone\",UID0:\"forestry.effectNone\",Slot:12b}]}}",
				"fortunes": {
					"0": 0.0104,
					"1": 0.0126,
					"2": 0.0098,
					"3": 0.0094
				}
			},
			{
				"itemStack": "forestry:bee_drone_ge:0:{MaxH:30,Health:30,IsAnalyzed:0b,Genome:{Chromosomes:[{UID1:\"extrabees.species.marble\",UID0:\"extrabees.species.marble\",Slot:0b},{UID1:\"forestry.speedSlower\",UID0:\"forestry.speedSlower\",Slot:1b},{UID1:\"forestry.lifespanShort\",UID0:\"forestry.lifespanShort\",Slot:2b},{UID1:\"forestry.fertilityNormal\",UID0:\"forestry.fertilityNormal\",Slot:3b},{UID1:\"forestry.toleranceNone\",UID0:\"forestry.toleranceNone\",Slot:4b},{UID1:\"forestry.boolFalse\",UID0:\"forestry.boolFalse\",Slot:5b},{UID1:\"forestry.toleranceNone\",UID0:\"forestry.toleranceNone\",Slot:6b},{UID1:\"forestry.boolFalse\",UID0:\"forestry.boolFalse\",Slot:7b},{UID1:\"forestry.boolFalse\",UID0:\"forestry.boolFalse\",Slot:8b},{UID1:\"forestry.flowersVanilla\",UID0:\"forestry.flowersVanilla\",Slot:9b},{UID1:\"forestry.floweringSlow\",UID0:\"forestry.floweringSlow\",Slot:10b},{UID1:\"forestry.territoryAverage\",UID0:\"forestry.territoryAverage\",Slot:11b},{UID1:\"forestry.effectNone\",UID0:\"forestry.effectNone\",Slot:12b}]}}",
				"fortunes": {
					"0": 0.7955,
					"1": 0.7813,
					"2": 0.7868,
					"3": 0.7812
				}
			},
			{
				"itemStack": "forestry:bee_princess_ge:0:{MaxH:30,NA:0b,Health:30,IsAnalyzed:0b,Genome:{Chromosomes:[{UID1:\"extrabees.species.marble\",UID0:\"extrabees.species.marble\",Slot:0b},{UID1:\"forestry.speedSlower\",UID0:\"forestry.speedSlower\",Slot:1b},{UID1:\"forestry.lifespanShort\",UID0:\"forestry.lifespanShort\",Slot:2b},{UID1:\"forestry.fertilityNormal\",UID0:\"forestry.fertilityNormal\",Slot:3b},{UID1:\"forestry.toleranceNone\",UID0:\"forestry.toleranceNone\",Slot:4b},{UID1:\"forestry.boolFalse\",UID0:\"forestry.boolFalse\",Slot:5b},{UID1:\"forestry.toleranceNone\",UID0:\"forestry.toleranceNone\",Slot:6b},{UID1:\"forestry.boolFalse\",UID0:\"forestry.boolFalse\",Slot:7b},{UID1:\"forestry.boolFalse\",UID0:\"forestry.boolFalse\",Slot:8b},{UID1:\"forestry.flowersVanilla\",UID0:\"forestry.flowersVanilla\",Slot:9b},{UID1:\"forestry.floweringSlow\",UID0:\"forestry.floweringSlow\",Slot:10b},{UID1:\"forestry.territoryAverage\",UID0:\"forestry.territoryAverage\",Slot:11b},{UID1:\"forestry.effectNone\",UID0:\"forestry.effectNone\",Slot:12b}]}}",
				"fortunes": {
					"0": 0.4881,
					"1": 0.4809,
					"2": 0.4899,
					"3": 0.4854
				}
			}
		],
		"dim": "overworld"
	},
	{
		"block": "minecraft:red_flower:0",
		"distrib": "0,0.0;16,0.0;17,5.2083335E-5;18,0.0;19,5.2083335E-5;20,0.0;32,0.0;33,1.0416667E-4;34,5.2083335E-5;35,0.0;73,0.0;74,5.2083335E-5;75,0.0;76,5.2083335E-5;77,0.0;",
		"silktouch": false,
		"dropsList": [
			{
				"itemStack": "minecraft:red_flower:0",
				"fortunes": {
					"0": 1.0,
					"1": 1.0,
					"2": 1.0,
					"3": 1.0
				}
			}
		],
		"dim": "overworld"
	},
	{
		"block": "minecraft:emerald_ore:0",
		"distrib": "0,0.0;6,0.0;7,2.0833334E-4;8,0.0;13,0.0;14,1.5625E-4;15,0.0;20,0.0;21,2.6041668E-4;22,0.0;27,0.0;28,2.6041668E-4;29,0.0;34,0.0;35,3.6458333E-4;36,0.0;41,0.0;42,1.0416667E-4;43,0.0;48,0.0;49,1.0416667E-4;50,0.0;55,0.0;56,1.5625E-4;57,0.0;62,0.0;63,1.5625E-4;64,0.0;69,0.0;70,1.0416667E-4;71,0.0;76,0.0;77,1.5625E-4;78,0.0;83,0.0;84,5.2083335E-5;85,0.0;",
		"silktouch": true,
		"dropsList": [
			{
				"itemStack": "minecraft:emerald:0",
				"fortunes": {
					"0": 1.0,
					"1": 1.3353,
					"2": 1.7484,
					"3": 2.1936
				}
			}
		],
		"dim": "overworld"
	},
	{
		"block": "draconicevolution:draconium_ore:0",
		"distrib": "0,0.0;1,1.5625E-4;2,5.2083335E-5;3,5.2083335E-5;4,1.5625E-4;5,5.2083335E-5;6,1.5625E-4;7,0.0;",
		"silktouch": true,
		"dropsList": [
			{
				"itemStack": "draconicevolution:draconium_dust:0",
				"fortunes": {
					"0": 4.5012,
					"1": 5.4956,
					"2": 6.4961,
					"3": 7.5151
				}
			}
		],
		"dim": "overworld"
	},
	{
		"block": "minecraft:planks:0",
		"distrib": "0,0.0;28,0.0;29,2.0833334E-4;30,7.2916667E-4;31,2.0833334E-4;32,0.0;33,1.0416667E-4;34,0.0;39,0.0;40,2.0833334E-4;41,7.2916667E-4;42,0.0024479167;43,6.770833E-4;44,3.125E-4;45,0.0013020834;46,1.0416667E-4;48,1.0416667E-4;49,0.0;",
		"silktouch": false,
		"dim": "overworld"
	},
	{
		"block": "mekanism:oreblock:2",
		"distrib": "0,0.0;1,0.00359375;2,0.004583333;3,0.005052083;4,0.00390625;5,0.00375;6,0.0029166667;7,0.0029166667;8,0.0036979166;9,0.0043229167;10,0.005625;11,0.00484375;12,0.0011979167;13,0.005729167;14,0.0048958333;15,0.0033333334;16,0.00125;17,0.004114583;18,0.0049479166;19,0.0058333334;20,0.0046354164;21,0.0035416668;22,0.0043229167;23,0.0053125;24,0.00140625;25,0.004114583;26,0.00625;27,0.0070833336;28,0.0051041665;29,0.0035416668;30,0.0028125;31,0.0029166667;32,0.0011979167;33,0.0051041665;34,0.0053125;35,0.0054166666;36,9.895833E-4;37,0.0040104166;38,0.00515625;39,0.0058333334;40,0.0056770835;41,0.0030729168;42,0.0017708334;43,0.0023958334;44,0.00328125;45,0.00484375;46,0.0036979166;47,0.0040625;48,7.8125E-4;49,0.0013541667;50,0.0023958334;51,0.0030208332;52,0.0024479167;53,0.0029166667;54,0.0046354164;55,0.0033854167;56,0.004114583;57,0.00234375;58,0.00171875;59,2.6041668E-4;60,0.0;",
		"silktouch": false,
		"dim": "overworld"
	},
	{
		"block": "mekanism:oreblock:0",
		"distrib": "0,0.0;1,0.005729167;2,0.004375;3,0.0027604166;4,0.0043229167;5,0.00515625;6,0.0042708335;7,0.0047395835;8,0.0040104166;9,0.0040104166;10,0.0043229167;11,0.0035416668;12,7.8125E-4;13,0.0038541667;14,0.0047395835;15,0.0036458333;16,9.375E-4;17,0.00515625;18,0.0039583333;19,0.00421875;20,0.0040104166;21,0.0030729168;22,0.0032291666;23,0.0046354164;24,0.00109375;25,0.00375;26,0.0033333334;27,0.004375;28,0.0047395835;29,0.006875;30,0.0049479166;31,0.0038541667;32,0.0015625;33,0.0046354164;34,0.0034895833;35,0.004114583;36,0.0015104166;37,0.004583333;38,0.004375;39,0.0044270833;40,0.0032291666;41,0.0022916666;42,0.0035416668;43,0.0034375;44,0.0029166667;45,0.00234375;46,0.0015625;47,0.0016666667;48,5.2083336E-4;49,0.00234375;50,0.0023958334;51,0.0039583333;52,0.0018229167;53,0.0028645834;54,0.0026041667;55,0.0011979167;56,0.001875;57,0.0033854167;58,0.0026041667;59,8.854167E-4;60,0.0;",
		"silktouch": false,
		"dim": "overworld"
	},
	{
		"block": "mekanism:oreblock:1",
		"distrib": "0,0.0;1,0.00484375;2,0.005;3,0.005052083;4,0.0046875;5,0.0049479166;6,0.005260417;7,0.0025;8,0.003125;9,0.005729167;10,0.0054166666;11,0.0059375;12,0.0018229167;13,0.0058333334;14,0.00578125;15,0.0063541667;16,0.0014583333;17,0.005520833;18,0.004375;19,0.0048958333;20,0.008020833;21,0.0053645833;22,0.0048958333;23,0.0069791665;24,0.0020833334;25,0.0049479166;26,0.0048958333;27,0.00390625;28,0.0065625;29,0.0056770835;30,0.0055729165;31,0.0049479166;32,9.375E-4;33,0.005052083;34,0.006875;35,0.0073958333;36,0.0015625;37,0.0053125;38,0.00609375;39,0.005520833;40,0.0065104165;41,0.0044270833;42,0.004583333;43,0.0048958333;44,0.0034375;45,0.0039583333;46,0.0051041665;47,0.0044270833;48,0.00125;49,0.0026041667;50,0.0034375;51,0.00265625;52,0.003125;53,0.0034895833;54,0.0028125;55,0.0031770833;56,0.0036979166;57,0.0027604166;58,0.0016666667;59,1.0416667E-4;60,0.0;",
		"silktouch": false,
		"dim": "overworld"
	},
	{
		"block": "actuallyadditions:block_crystal_cluster_emerald:0",
		"distrib": "0,0.0;39,0.0;40,5.2083335E-5;41,0.0;86,0.0;87,5.2083335E-5;88,0.0;",
		"silktouch": true,
		"dropsList": [
			{
				"itemStack": "actuallyadditions:item_crystal_shard:4",
				"fortunes": {
					"0": 3.9887,
					"1": 3.9933,
					"2": 4.0247,
					"3": 4.0144
				}
			}
		],
		"dim": "overworld"
	},
	{
		"block": "minecraft:red_flower:7",
		"distrib": "0,0.0;78,0.0;79,1.0416667E-4;80,0.0;91,0.0;92,5.2083335E-5;93,4.6875E-4;94,2.0833334E-4;95,5.2083335E-5;96,0.0;",
		"silktouch": false,
		"dropsList": [
			{
				"itemStack": "minecraft:red_flower:7",
				"fortunes": {
					"0": 1.0,
					"1": 1.0,
					"2": 1.0,
					"3": 1.0
				}
			}
		],
		"dim": "overworld"
	},
	{
		"block": "harvestcraft:beehive:0",
		"distrib": "0,0.0;104,0.0;105,5.2083335E-5;106,0.0;109,0.0;110,5.2083335E-5;111,5.2083335E-5;112,0.0;",
		"silktouch": true,
		"dropsList": [
			{
				"itemStack": "harvestcraft:queenbeeitem:0",
				"fortunes": {
					"0": 1.0,
					"1": 1.0,
					"2": 1.0,
					"3": 1.0
				}
			}
		],
		"dim": "overworld"
	},
	{
		"block": "minecraft:yellow_flower:0",
		"distrib": "0,0.0;16,0.0;17,5.2083335E-5;18,5.2083335E-5;19,0.0;25,0.0;26,5.2083335E-5;27,0.0;28,5.2083335E-5;29,0.0;30,1.0416667E-4;31,0.0;32,0.0;33,1.0416667E-4;34,0.0;74,0.0;75,1.5625E-4;76,0.0;79,0.0;80,1.0416667E-4;81,0.0;82,0.0;83,1.0416667E-4;84,0.0;85,1.0416667E-4;86,0.0;87,1.5625E-4;88,2.0833334E-4;89,0.0;",
		"silktouch": false,
		"dropsList": [
			{
				"itemStack": "minecraft:yellow_flower:0",
				"fortunes": {
					"0": 1.0,
					"1": 1.0,
					"2": 1.0,
					"3": 1.0
				}
			}
		],
		"dim": "overworld"
	},
	{
		"block": "minecraft:torch:0",
		"distrib": "0,0.0;44,0.0;45,5.2083335E-5;46,0.0;",
		"silktouch": false,
		"dropsList": [
			{
				"itemStack": "minecraft:torch:0",
				"fortunes": {
					"0": 1.0,
					"1": 1.0,
					"2": 1.0,
					"3": 1.0
				}
			}
		],
		"dim": "overworld"
	},
	{
		"block": "minecraft:coal_ore:0",
		"distrib": "0,0.0;14,0.0;15,1.5625E-4;16,0.0;17,1.0416667E-4;18,1.0416667E-4;19,0.0;20,2.0833334E-4;21,1.0416667E-4;22,0.0;23,2.6041668E-4;24,2.0833334E-4;25,1.0416667E-4;26,0.0;27,0.0;28,2.0833334E-4;29,2.0833334E-4;30,1.0416667E-4;31,2.0833334E-4;32,1.5625E-4;33,3.125E-4;34,1.5625E-4;35,0.0;38,0.0;39,1.5625E-4;40,2.6041668E-4;41,2.6041668E-4;42,1.5625E-4;43,0.0;45,0.0;46,5.2083335E-5;47,5.2083335E-5;48,0.0;54,0.0;55,0.0390625;56,0.0;",
		"silktouch": true,
		"dropsList": [
			{
				"itemStack": "minecraft:coal:0",
				"fortunes": {
					"0": 1.0,
					"1": 1.3359,
					"2": 1.7444,
					"3": 2.2028
				}
			}
		],
		"dim": "overworld"
	},
	{
		"block": "minecraft:grass:0",
		"distrib": "0,0.0;15,0.0;16,0.0035416668;17,0.0025520832;18,0.0018229167;19,0.0013020834;20,9.895833E-4;21,6.25E-4;22,4.1666668E-4;23,0.0038541667;24,0.0025520832;25,0.0036979166;26,0.0046875;27,0.0044791666;28,0.003125;29,0.0017708334;30,0.0013541667;31,7.8125E-4;32,0.0033333334;33,0.0027083333;34,0.0025;35,0.0016666667;36,7.8125E-4;37,0.0;38,1.0416667E-4;39,4.1666668E-4;40,0.0;72,0.0;73,0.0030208332;74,0.0020833334;75,0.0019791666;76,0.0015104166;77,0.0013541667;78,0.0014583333;79,0.001875;80,0.0016145833;81,8.854167E-4;82,0.0;",
		"silktouch": true,
		"dropsList": [
			{
				"itemStack": "minecraft:dirt:0",
				"fortunes": {
					"0": 1.0,
					"1": 1.0,
					"2": 1.0,
					"3": 1.0
				}
			}
		],
		"dim": "overworld"
	},
	{
		"block": "minecraft:tallgrass:2",
		"distrib": "0,0.0;85,0.0;86,3.6458333E-4;87,5.2083336E-4;88,1.0416667E-4;89,0.0011458333;90,0.00109375;91,0.0035416668;92,0.005520833;93,0.006666667;94,0.0052083335;95,0.0046354164;96,0.0058854166;97,0.00765625;98,0.0040104166;99,0.006197917;100,0.0032291666;101,0.0013541667;102,0.0021875;103,0.0040625;104,0.0051041665;105,0.005;106,0.0019270834;107,2.0833334E-4;108,0.0;",
		"silktouch": false,
		"dropsList": [
			{
				"itemStack": "extratrees:hops:0",
				"fortunes": {
					"0": 0.0348,
					"1": 0.033,
					"2": 0.0388,
					"3": 0.0372
				}
			},
			{
				"itemStack": "minecraft:wheat_seeds:0",
				"fortunes": {
					"0": 0.0783,
					"1": 0.1505,
					"2": 0.2049,
					"3": 0.3033
				}
			},
			{
				"itemStack": "teslathingies:tesla_plant_seeds:0",
				"fortunes": {
					"0": 0.0157,
					"1": 0.0149,
					"2": 0.0149,
					"3": 0.0134
				}
			}
		],
		"dim": "overworld"
	},
	{
		"block": "minecraft:cobblestone:0",
		"distrib": "0,0.0;11,0.0;12,0.6090625;13,0.0;23,0.0;24,0.7316667;25,0.0;35,0.0;36,0.7115625;37,0.0;47,0.0;48,0.493125;49,0.0;59,0.0;60,0.49458334;61,0.0;71,0.0;72,0.49546874;73,0.0;83,0.0;84,0.19494791;85,0.0;95,0.0;96,0.0015625;97,0.0;",
		"silktouch": false,
		"dim": "overworld"
	},
	{
		"block": "minecraft:stone:5",
		"distrib": "0,0.0;6,0.0;7,0.095989585;8,0.0;13,0.0;14,0.23927084;15,0.0;20,0.0;21,0.23239583;22,0.0;27,0.0;28,0.22494791;29,0.0;34,0.0;35,0.20119792;36,0.0;41,0.0;42,0.13520834;43,0.0;48,0.0;49,0.13557291;50,0.0;55,0.0;56,0.1371875;57,0.0;62,0.0;63,0.14895834;64,0.0;69,0.0;70,0.15895833;71,0.0;76,0.0;77,0.16078125;78,0.0;83,0.0;84,0.010364584;85,0.0;",
		"silktouch": false,
		"dim": "overworld"
	},
	{
		"block": "minecraft:tallgrass:1",
		"distrib": "0,0.0;16,0.0;17,0.0014583333;18,1.5625E-4;20,1.5625E-4;21,0.0;22,5.2083335E-5;23,5.2083335E-5;24,8.3333335E-4;25,0.0;26,5.2083335E-5;27,7.2916667E-4;28,1.0416667E-4;29,2.0833334E-4;30,5.2083335E-5;31,5.2083335E-5;32,0.0;33,0.0011979167;34,3.125E-4;35,2.6041668E-4;36,0.0;73,0.0;74,3.6458333E-4;75,3.125E-4;76,3.125E-4;77,5.2083335E-5;78,0.00328125;79,0.0044791666;80,3.6458333E-4;81,7.8125E-4;82,8.3333335E-4;83,0.00109375;84,0.001875;85,7.2916667E-4;86,1.5625E-4;87,0.0034895833;88,6.770833E-4;89,2.6041668E-4;90,0.0015625;91,0.0024479167;92,0.0065104165;93,0.008541667;94,0.0070833336;95,0.00546875;96,0.00421875;97,0.0047916668;98,0.0036458333;99,0.0053645833;100,0.00171875;101,0.00203125;102,0.00328125;103,0.0051041665;104,0.00859375;105,0.007135417;106,0.0027083333;107,1.5625E-4;108,0.0;",
		"silktouch": false,
		"dropsList": [
			{
				"itemStack": "extratrees:hops:0",
				"fortunes": {
					"0": 0.036,
					"1": 0.0365,
					"2": 0.0349,
					"3": 0.0363
				}
			},
			{
				"itemStack": "minecraft:wheat_seeds:0",
				"fortunes": {
					"0": 0.0728,
					"1": 0.15,
					"2": 0.2137,
					"3": 0.2918
				}
			},
			{
				"itemStack": "teslathingies:tesla_plant_seeds:0",
				"fortunes": {
					"0": 0.0145,
					"1": 0.0113,
					"2": 0.0153,
					"3": 0.014
				}
			}
		],
		"dim": "overworld"
	},
	{
		"block": "mekanism:saltblock:0",
		"distrib": "0,0.0;46,0.0;47,0.0056770835;48,0.0;",
		"silktouch": true,
		"dropsList": [
			{
				"itemStack": "mekanism:salt:0",
				"fortunes": {
					"0": 4.0,
					"1": 4.0,
					"2": 4.0,
					"3": 4.0
				}
			}
		],
		"dim": "overworld"
	},
	{
		"block": "minecraft:rail:0",
		"distrib": "0,0.0;42,0.0;43,2.6041668E-4;44,1.0416667E-4;45,0.0;",
		"silktouch": false,
		"dropsList": [
			{
				"itemStack": "minecraft:rail:0",
				"fortunes": {
					"0": 1.0,
					"1": 1.0,
					"2": 1.0,
					"3": 1.0
				}
			}
		],
		"dim": "overworld"
	},
	{
		"block": "actuallyadditions:block_crystal_cluster_diamond:0",
		"distrib": "0,0.0;75,0.0;76,5.2083335E-5;77,0.0;",
		"silktouch": true,
		"dropsList": [
			{
				"itemStack": "actuallyadditions:item_crystal_shard:2",
				"fortunes": {
					"0": 4.0116,
					"1": 3.9889,
					"2": 4.0003,
					"3": 3.9969
				}
			}
		],
		"dim": "overworld"
	},
	{
		"block": "thermalfoundation:ore_fluid:2",
		"distrib": "0,0.0;1,0.0010416667;2,4.1666668E-4;3,0.0;4,0.0;5,0.0010416667;6,9.895833E-4;7,6.770833E-4;8,6.25E-4;9,9.375E-4;10,2.0833334E-4;11,5.2083336E-4;12,0.0;13,6.25E-4;14,0.001875;15,0.0011458333;16,0.0;",
		"silktouch": true,
		"dropsList": [
			{
				"itemStack": "thermalfoundation:material:893",
				"fortunes": {
					"0": 1.0,
					"1": 1.4991,
					"2": 1.9939,
					"3": 2.4781
				}
			}
		],
		"dim": "overworld"
	},
	{
		"block": "thermalfoundation:ore_fluid:1",
		"distrib": "0,0.0;14,0.0;15,2.6041668E-4;16,7.8125E-4;17,4.1666668E-4;18,1.0416667E-4;19,6.25E-4;20,6.770833E-4;21,3.125E-4;22,0.0;23,8.854167E-4;24,3.125E-4;25,3.125E-4;26,0.0;27,0.0;28,7.2916667E-4;29,7.2916667E-4;30,6.770833E-4;31,5.7291664E-4;32,2.6041668E-4;33,8.854167E-4;34,5.7291664E-4;35,0.0;38,0.0;39,4.1666668E-4;40,7.2916667E-4;41,4.1666668E-4;42,1.0416667E-4;43,0.0;45,0.0;46,2.6041668E-4;47,2.6041668E-4;48,0.0;",
		"silktouch": true,
		"dropsList": [
			{
				"itemStack": "thermalfoundation:material:892",
				"fortunes": {
					"0": 1.0,
					"1": 1.507,
					"2": 2.0017,
					"3": 2.518
				}
			}
		],
		"dim": "overworld"
	},
	{
		"block": "actuallyadditions:block_crystal_cluster_lapis:0",
		"distrib": "0,0.0;27,0.0;28,5.2083335E-5;29,0.0;36,0.0;37,5.2083335E-5;38,0.0;84,0.0;85,5.2083335E-5;86,0.0;",
		"silktouch": true,
		"dropsList": [
			{
				"itemStack": "actuallyadditions:item_crystal_shard:1",
				"fortunes": {
					"0": 3.9901,
					"1": 4.0102,
					"2": 3.9882,
					"3": 3.991
				}
			}
		],
		"dim": "overworld"
	},
	{
		"block": "chisel:limestone2:7",
		"distrib": "0,0.0;29,0.0;30,0.0051041665;31,0.022864584;32,0.008541667;33,0.047291666;34,0.050364584;35,0.0509375;36,0.017395834;37,0.05171875;38,0.051302083;39,0.049114585;40,0.045520835;41,0.031822916;42,0.038229167;43,0.038958333;44,0.03515625;45,0.030885417;46,0.027083334;47,0.03171875;48,0.010520834;49,0.04171875;50,0.035052083;51,0.038854167;52,0.041927084;53,0.0390625;54,0.03734375;55,0.033697918;56,0.0315625;57,0.036510415;58,0.046354167;59,0.04671875;60,0.011458334;61,0.035208333;62,0.029479166;63,0.015104166;64,0.0011979167;65,0.0;",
		"silktouch": false,
		"dim": "overworld"
	},
	{
		"block": "minecraft:stone:0",
		"distrib": "0,0.0;1,0.7236979;2,0.7240625;3,0.7239063;4,0.72447914;5,0.72276044;6,0.7239583;7,0.54364586;8,0.52489585;9,0.6738021;10,0.69130206;11,0.6390625;12,0.0;13,0.64197916;14,0.7164062;15,0.71744794;16,0.0;17,0.7139583;18,0.7130729;19,0.70947915;20,0.7082813;21,0.7134896;22,0.7132813;23,0.7089583;24,1.5625E-4;25,0.7102604;26,0.7080208;27,0.7001563;28,0.69390625;29,0.6929687;30,0.68416667;31,0.6538021;32,0.0;33,0.61395836;34,0.82182294;35,0.60333335;36,0.0;37,0.6066667;38,0.6045312;39,0.61515623;40,0.6128125;41,0.3928125;42,0.39197916;43,0.3956771;44,0.40838543;45,0.4121875;46,0.4171875;47,0.41296875;48,0.0;49,0.41755208;50,0.4206771;51,0.41916665;52,0.41901043;53,0.4230729;54,0.4244271;55,0.39234376;56,0.42505208;57,0.418125;58,0.41098958;59,0.41192707;60,5.7291664E-4;61,0.4240625;62,0.43197918;63,0.46286458;64,0.0;65,0.4921354;66,0.49197915;67,0.49130207;68,0.49078125;69,0.659375;70,0.48958334;71,0.49015626;72,0.0;73,0.48916668;74,0.48760417;75,0.4816146;76,0.4853646;77,0.47635415;78,0.4636979;79,0.4463021;80,0.0;81,0.25552082;82,0.23458333;83,0.21317708;84,0.0;85,0.17052083;86,0.13911459;87,0.11625;88,0.10036458;89,0.08604167;90,0.07088542;91,0.0565625;92,0.041822918;93,0.02953125;94,0.018125;95,0.008229166;96,0.0;",
		"silktouch": true,
		"dropsList": [
			{
				"itemStack": "minecraft:cobblestone:0",
				"fortunes": {
					"0": 1.0,
					"1": 1.0,
					"2": 1.0,
					"3": 1.0
				}
			}
		],
		"dim": "overworld"
	},
	{
		"block": "minecraft:stone:1",
		"distrib": "0,0.0;1,0.25817707;2,0.25765625;3,0.25770834;4,0.2565625;5,0.25619793;6,0.25557292;7,0.0;8,0.17489584;9,0.2538021;10,0.25552082;11,0.250625;12,0.24453124;13,0.24734375;14,0.0;15,0.2540625;16,0.25348958;17,0.25208333;18,0.25104168;19,0.24848959;20,0.2478125;21,0.0;22,0.24796875;23,0.24338542;24,0.24098958;25,0.240625;26,0.23802084;27,0.23994792;28,0.0;29,0.240625;30,0.23625;31,0.22911458;32,0.21666667;33,0.20765625;34,0.0;35,0.0;36,0.21328124;37,0.21609375;38,0.21713541;39,0.21640626;40,0.21619792;41,0.14375;42,0.0;43,0.14239584;44,0.14369792;45,0.14953125;46,0.15109375;47,0.1471875;48,0.14479166;49,0.0;50,0.14723958;51,0.14619792;52,0.1446875;53,0.14375;54,0.14364584;55,0.14703125;56,0.0;57,0.14609376;58,0.14078125;59,0.13666667;60,0.13671875;61,0.14088541;62,0.14953125;63,0.0;64,0.16557291;65,0.16848959;66,0.166875;67,0.17020833;68,0.16989583;69,0.0;70,0.0;71,0.17010416;72,0.17020833;73,0.17083333;74,0.17046875;75,0.17026041;76,0.17083333;77,0.0;78,0.16994792;79,0.16916667;80,0.021197917;81,0.019479167;82,0.017708333;83,0.015572917;84,0.0;",
		"silktouch": false,
		"dim": "overworld"
	},
	{
		"block": "minecraft:redstone_ore:0",
		"distrib": "0,0.0;32,0.0;33,0.0028645834;34,0.0;65,0.0;66,0.0025520832;67,0.0;",
		"silktouch": true,
		"dropsList": [
			{
				"itemStack": "minecraft:redstone:0",
				"fortunes": {
					"0": 4.4951,
					"1": 5.0008,
					"2": 5.5035,
					"3": 5.9866
				}
			}
		],
		"dim": "overworld"
	},
	{
		"block": "minecraft:dirt:2",
		"distrib": "0,0.0;76,0.0;77,0.00390625;78,0.005260417;79,0.004583333;80,9.895833E-4;81,0.00109375;82,9.375E-4;83,0.0015104166;84,0.0011458333;85,0.0011458333;86,0.0058333334;87,0.0013541667;88,0.0021354167;89,0.0042708335;90,0.00875;91,0.019270834;92,0.025416667;93,0.022552084;94,0.015885416;95,0.016927084;96,0.01921875;97,0.01375;98,0.017604167;99,0.008854167;100,0.0075;101,0.011875;102,0.015104166;103,0.02109375;104,0.020104166;105,0.0071875;106,6.25E-4;107,0.0;",
		"silktouch": true,
		"dropsList": [
			{
				"itemStack": "minecraft:dirt:0",
				"fortunes": {
					"0": 1.0,
					"1": 1.0,
					"2": 1.0,
					"3": 1.0
				}
			}
		],
		"dim": "overworld"
	},
	{
		"block": "minecraft:dirt:0",
		"distrib": "0,0.0;6,0.0;7,0.31796876;8,0.24166666;9,0.010052083;10,0.02515625;11,0.08270834;12,0.13942708;13,0.08510417;14,5.7291664E-4;15,0.0;16,1.0416667E-4;17,0.0;22,0.0;23,5.2083335E-5;24,0.0;40,0.0;41,0.00375;42,0.0;44,0.0;45,0.2865625;46,0.33302084;47,0.27447918;48,0.0;76,0.0;77,0.0034895833;78,0.0044270833;79,0.004114583;80,0.0051041665;81,0.00640625;82,0.008177083;83,0.012708333;84,0.021197917;85,0.024895834;86,0.031770833;87,0.046458334;88,0.06625;89,0.08317708;90,0.0921875;91,0.1015625;92,0.11005209;93,0.12197917;94,0.12802084;95,0.1284375;96,0.05828125;97,0.057447918;98,0.058125;99,0.06723958;100,0.07369792;101,0.064114586;102,0.04901042;103,0.027916666;104,0.0078125;105,6.25E-4;106,0.0;",
		"silktouch": false,
		"dim": "overworld"
	},
	{
		"block": "minecraft:mossy_cobblestone:0",
		"distrib": "0,0.0;89,0.0;90,5.2083335E-5;91,2.0833334E-4;92,5.2083335E-5;93,0.0;",
		"silktouch": false,
		"dim": "overworld"
	},
	{
		"block": "minecraft:leaves:2",
		"distrib": "0,0.0;87,0.0;88,3.6458333E-4;89,0.0015104166;90,0.00140625;91,6.25E-4;92,7.8125E-4;93,0.0016145833;94,0.0034375;95,0.0036979166;96,3.125E-4;97,2.0833334E-4;98,0.0;99,0.0;100,0.0014583333;101,0.00109375;102,5.7291664E-4;103,0.0027604166;104,0.001875;105,4.6875E-4;106,0.00140625;107,0.00109375;108,3.125E-4;109,2.0833334E-4;110,0.0;",
		"silktouch": true,
		"dropsList": [
			{
				"itemStack": "minecraft:sapling:2",
				"fortunes": {
					"0": 0.0465,
					"1": 0.0555,
					"2": 0.0853,
					"3": 0.0998
				}
			}
		],
		"dim": "overworld"
	},
	{
		"block": "minecraft:dirt:1",
		"distrib": "0,0.0;40,0.0;41,0.32880208;42,0.33114582;43,0.33333334;44,0.33333334;45,0.046770833;46,0.0;77,0.0;78,0.0020833334;79,0.010520834;80,0.041458335;81,0.05671875;82,0.075885415;83,0.092083335;84,0.104427084;85,0.13359375;86,0.15296875;87,0.15609375;88,0.15104167;89,0.14692709;90,0.14875;91,0.13838542;92,0.119114585;93,0.09734375;94,0.08682292;95,0.079375;96,0.063854165;97,0.0525;98,0.03421875;99,0.01625;100,0.0022916666;101,0.0;",
		"silktouch": false,
		"dim": "overworld"
	},
	{
		"block": "minecraft:leaves:1",
		"distrib": "0,0.0;89,0.0;90,1.5625E-4;91,5.2083335E-5;92,5.2083336E-4;93,0.0038541667;94,0.0038020834;95,0.0029166667;96,0.00828125;97,0.010104166;98,0.0096875;99,0.00734375;100,0.00796875;101,0.013125;102,0.011770833;103,0.012604167;104,0.0103125;105,0.00609375;106,0.011197916;107,0.015364584;108,0.020989584;109,0.012395834;110,0.0066145835;111,0.00984375;112,5.7291664E-4;113,0.001875;114,6.770833E-4;115,1.5625E-4;116,0.0;121,0.0;122,0.0013541667;123,0.0028125;124,0.0046875;125,0.0013541667;126,0.0022395833;127,6.25E-4;128,0.0;",
		"silktouch": true,
		"dropsList": [
			{
				"itemStack": "minecraft:sapling:1",
				"fortunes": {
					"0": 0.0489,
					"1": 0.0633,
					"2": 0.0832,
					"3": 0.0983
				}
			}
		],
		"dim": "overworld"
	},
	{
		"block": "minecraft:web:0",
		"distrib": "0,0.0;29,0.0;30,5.2083335E-5;31,0.0;39,0.0;40,0.0015104166;41,0.00140625;42,2.6041668E-4;43,1.5625E-4;44,0.0;45,1.0416667E-4;46,0.0;",
		"silktouch": true,
		"dropsList": [
			{
				"itemStack": "minecraft:string:0",
				"fortunes": {
					"0": 1.0,
					"1": 1.0,
					"2": 1.0,
					"3": 1.0
				}
			}
		],
		"dim": "overworld"
	},
	{
		"block": "minecraft:log:0",
		"distrib": "0,0.0;16,0.0;17,1.0416667E-4;18,1.0416667E-4;19,2.0833334E-4;20,2.0833334E-4;21,1.5625E-4;22,1.0416667E-4;23,1.5625E-4;24,2.6041668E-4;25,3.6458333E-4;26,5.7291664E-4;27,3.125E-4;28,4.6875E-4;29,3.6458333E-4;30,4.1666668E-4;31,4.6875E-4;32,4.1666668E-4;33,5.2083336E-4;34,4.1666668E-4;35,1.0416667E-4;36,0.0;76,0.0;77,5.2083335E-5;78,0.0;79,0.0;80,5.2083335E-5;81,0.0;",
		"silktouch": false,
		"dim": "overworld"
	},
	{
		"block": "minecraft:log:1",
		"distrib": "0,0.0;86,0.0;87,5.2083335E-5;90,5.2083335E-5;91,3.125E-4;92,0.0010416667;93,0.00171875;94,0.0026041667;95,0.00296875;96,0.0024479167;97,0.0027604166;98,0.00328125;99,0.0033854167;100,0.00359375;101,0.0036458333;102,0.0036979166;103,0.00359375;104,0.0034375;105,0.00375;106,0.0036979166;107,0.00359375;108,0.0033854167;109,0.003125;110,0.0028645834;111,0.00265625;112,5.7291664E-4;113,5.7291664E-4;114,4.6875E-4;115,4.1666668E-4;125,4.1666668E-4;126,2.6041668E-4;127,2.0833334E-4;128,0.0;",
		"silktouch": false,
		"dim": "overworld"
	},
	{
		"block": "minecraft:log:2",
		"distrib": "0,0.0;77,0.0;78,5.2083335E-5;79,1.0416667E-4;80,0.0;84,0.0;85,5.2083335E-5;86,5.2083335E-5;87,1.0416667E-4;88,1.5625E-4;92,1.5625E-4;93,2.6041668E-4;95,2.6041668E-4;96,5.2083335E-5;99,5.2083335E-5;100,1.5625E-4;102,1.5625E-4;103,1.0416667E-4;104,1.5625E-4;105,1.5625E-4;106,5.2083335E-5;108,5.2083335E-5;109,0.0;",
		"silktouch": false,
		"dim": "overworld"
	},
	{
		"block": "oreshrubs:oreshrub_tin:0",
		"distrib": "0,0.0;23,0.0;24,1.0416667E-4;25,0.0;",
		"silktouch": false,
		"dropsList": [
			{
				"itemStack": "oreshrubs:oreshrub_tin:0",
				"fortunes": {
					"0": 1.0,
					"1": 1.0,
					"2": 1.0,
					"3": 1.0
				}
			}
		],
		"dim": "overworld"
	},
	{
		"block": "actuallyadditions:block_misc:3",
		"distrib": "0,0.0;1,0.0027604166;2,0.003125;3,0.00328125;4,0.0025520832;5,0.0029166667;6,0.0024479167;7,0.0013020834;8,0.00171875;9,0.0020833334;10,0.0026041667;11,0.0033854167;12,0.00140625;13,0.00234375;14,0.0034895833;15,0.004375;16,5.7291664E-4;17,0.0033333334;18,0.0044791666;19,0.0040625;20,0.0036458333;21,0.0036979166;22,0.0038020834;23,0.00390625;24,0.0013020834;25,0.0038541667;26,0.00328125;27,0.0036458333;28,0.0033333334;29,0.00296875;30,0.0027604166;31,0.0028645834;32,1.5625E-4;33,0.0030729168;34,0.0040625;35,0.0043229167;36,1.5625E-4;37,0.0038020834;38,0.0042708335;39,0.00375;40,0.0036458333;41,0.0020833334;42,0.00265625;43,0.0019791666;44,3.6458333E-4;45,0.0;",
		"silktouch": false,
		"dim": "overworld"
	},
	{
		"block": "thermalfoundation:ore:5",
		"distrib": "0,0.0;1,0.0;2,2.0833334E-4;3,7.2916667E-4;4,6.770833E-4;5,4.6875E-4;6,7.2916667E-4;7,6.25E-4;8,7.2916667E-4;9,0.0013020834;10,0.0014583333;11,0.0016666667;12,1.5625E-4;13,0.0014583333;14,0.0022916666;15,0.0020833334;16,1.0416667E-4;17,0.0013020834;18,6.25E-4;19,4.1666668E-4;20,0.0;",
		"silktouch": false,
		"dim": "overworld"
	},
	{
		"block": "thermalfoundation:ore:2",
		"distrib": "0,0.0;1,0.0;2,5.2083336E-4;3,0.0013541667;4,0.00203125;5,0.0021354167;6,0.0028645834;7,0.0016145833;8,0.0023958334;9,0.0036979166;10,0.0040104166;11,0.0030208332;12,3.125E-4;13,0.0022395833;14,0.0027083333;15,0.00265625;16,0.0010416667;17,0.0034895833;18,0.0027604166;19,0.0027604166;20,0.0034895833;21,0.0036979166;22,0.0027604166;23,0.0018229167;24,7.2916667E-4;25,0.0025;26,0.0025;27,0.0026041667;28,0.0014583333;29,8.3333335E-4;30,4.6875E-4;31,3.125E-4;32,5.2083335E-5;33,1.5625E-4;34,0.0;",
		"silktouch": false,
		"dim": "overworld"
	},
	{
		"block": "thermalfoundation:ore:3",
		"distrib": "0,0.0;2,0.0;3,1.0416667E-4;4,6.25E-4;5,4.6875E-4;6,5.7291664E-4;7,7.2916667E-4;8,0.0015104166;9,0.0034375;10,0.004375;11,0.0044270833;12,0.0011979167;13,0.0034375;14,0.0038541667;15,0.0043229167;16,6.25E-4;17,0.0035416668;18,0.0033333334;19,0.00359375;20,0.0040104166;21,0.00375;22,0.0031770833;23,0.0029166667;24,3.125E-4;25,0.0025520832;26,0.0024479167;27,0.00234375;28,0.00296875;29,0.0023958334;30,0.001875;31,0.0019791666;32,5.2083336E-4;33,0.0023958334;34,7.8125E-4;35,0.0;",
		"silktouch": false,
		"dim": "overworld"
	},
	{
		"block": "actuallyadditions:block_crystal_cluster_iron:0",
		"distrib": "0,0.0;24,0.0;25,5.2083335E-5;26,0.0;37,0.0;38,5.2083335E-5;39,0.0;",
		"silktouch": true,
		"dropsList": [
			{
				"itemStack": "actuallyadditions:item_crystal_shard:5",
				"fortunes": {
					"0": 4.0068,
					"1": 4.0001,
					"2": 3.9682,
					"3": 4.0027
				}
			}
		],
		"dim": "overworld"
	},
	{
		"block": "thermalfoundation:ore:0",
		"distrib": "0,0.0;16,0.0;17,1.0416667E-4;18,8.3333335E-4;19,0.00140625;20,9.895833E-4;21,8.3333335E-4;22,7.2916667E-4;23,7.8125E-4;24,2.6041668E-4;25,4.1666668E-4;26,4.6875E-4;27,3.6458333E-4;28,4.6875E-4;29,7.2916667E-4;30,7.2916667E-4;31,7.8125E-4;32,1.0416667E-4;33,6.25E-4;34,7.2916667E-4;35,4.1666668E-4;36,2.0833334E-4;37,0.0018229167;38,0.00375;39,0.0053645833;40,0.0060416665;41,0.0033854167;42,0.0025520832;43,0.0027083333;44,0.0033854167;45,0.0038541667;46,0.0042708335;47,0.0058854166;48,0.0016666667;49,0.0058854166;50,0.0055729165;51,0.0053645833;52,0.0047916668;53,0.0053645833;54,0.0051041665;55,0.00390625;56,0.004583333;57,0.0044791666;58,0.005;59,0.0048958333;60,0.00171875;61,0.0051041665;62,0.0054166666;63,0.0034895833;64,0.00125;65,0.0054166666;66,0.005260417;67,0.00515625;68,0.005989583;69,0.0065625;70,0.0054166666;71,0.00453125;72,9.895833E-4;73,0.003125;74,0.0034895833;75,0.0030208332;76,0.001875;77,0.0025520832;78,0.0027083333;79,0.00171875;80,1.0416667E-4;81,0.0011458333;82,9.895833E-4;83,7.2916667E-4;84,0.0;85,3.125E-4;86,4.1666668E-4;88,4.1666668E-4;89,5.7291664E-4;90,5.2083336E-4;91,3.125E-4;92,4.1666668E-4;93,0.0;",
		"silktouch": false,
		"dim": "overworld"
	},
	{
		"block": "harvestcraft:shadedgarden:0",
		"distrib": "0,0.0;92,0.0;93,5.2083335E-5;94,0.0;103,0.0;104,5.2083335E-5;105,5.2083335E-5;106,0.0;",
		"silktouch": false,
		"dropsList": [
			{
				"itemStack": "harvestcraft:radishitem:0",
				"fortunes": {
					"0": 0.1909,
					"1": 0.1977,
					"2": 0.1923,
					"3": 0.202
				}
			},
			{
				"itemStack": "harvestcraft:scallionitem:0",
				"fortunes": {
					"0": 0.2025,
					"1": 0.1985,
					"2": 0.198,
					"3": 0.2051
				}
			},
			{
				"itemStack": "harvestcraft:tomatoitem:0",
				"fortunes": {
					"0": 0.1971,
					"1": 0.199,
					"2": 0.2026,
					"3": 0.1991
				}
			},
			{
				"itemStack": "harvestcraft:garlicitem:0",
				"fortunes": {
					"0": 0.2039,
					"1": 0.2061,
					"2": 0.1972,
					"3": 0.2025
				}
			},
			{
				"itemStack": "harvestcraft:cottonitem:0",
				"fortunes": {
					"0": 0.1967,
					"1": 0.1971,
					"2": 0.2058,
					"3": 0.1972
				}
			},
			{
				"itemStack": "harvestcraft:rhubarbitem:0",
				"fortunes": {
					"0": 0.2015,
					"1": 0.2054,
					"2": 0.2011,
					"3": 0.2027
				}
			},
			{
				"itemStack": "harvestcraft:turnipitem:0",
				"fortunes": {
					"0": 0.1992,
					"1": 0.2064,
					"2": 0.1972,
					"3": 0.2006
				}
			},
			{
				"itemStack": "harvestcraft:whitemushroomitem:0",
				"fortunes": {
					"0": 0.199,
					"1": 0.1975,
					"2": 0.2064,
					"3": 0.2028
				}
			},
			{
				"itemStack": "harvestcraft:sweetpotatoitem:0",
				"fortunes": {
					"0": 0.2077,
					"1": 0.1965,
					"2": 0.1957,
					"3": 0.197
				}
			},
			{
				"itemStack": "harvestcraft:tealeafitem:0",
				"fortunes": {
					"0": 0.2031,
					"1": 0.2039,
					"2": 0.2059,
					"3": 0.1983
				}
			},
			{
				"itemStack": "harvestcraft:spiceleafitem:0",
				"fortunes": {
					"0": 0.2008,
					"1": 0.1942,
					"2": 0.2005,
					"3": 0.1931
				}
			},
			{
				"itemStack": "harvestcraft:leekitem:0",
				"fortunes": {
					"0": 0.199,
					"1": 0.1957,
					"2": 0.1966,
					"3": 0.2046
				}
			},
			{
				"itemStack": "harvestcraft:beanitem:0",
				"fortunes": {
					"0": 0.2019,
					"1": 0.1963,
					"2": 0.1977,
					"3": 0.204
				}
			},
			{
				"itemStack": "harvestcraft:blackberryitem:0",
				"fortunes": {
					"0": 0.1949,
					"1": 0.2043,
					"2": 0.1976,
					"3": 0.1952
				}
			},
			{
				"itemStack": "harvestcraft:zucchiniitem:0",
				"fortunes": {
					"0": 0.2018,
					"1": 0.2014,
					"2": 0.2054,
					"3": 0.1958
				}
			}
		],
		"dim": "overworld"
	},
	{
		"block": "thermalfoundation:ore:1",
		"distrib": "0,0.0;16,0.0;17,5.7291664E-4;18,0.0022395833;19,0.004583333;20,0.00390625;21,0.0034375;22,0.0038541667;23,0.004166667;24,8.3333335E-4;25,0.0044791666;26,0.00453125;27,0.0051041665;28,0.0053645833;29,0.0039583333;30,0.004114583;31,0.00375;32,0.0010416667;33,0.00390625;34,0.00375;35,0.0025520832;36,0.00125;37,0.00375;38,0.0043229167;39,0.0028125;40,0.0038020834;41,0.0028645834;42,0.0028645834;43,0.0027083333;44,0.0022916666;45,0.0026041667;46,0.00234375;47,0.0033333334;48,9.375E-4;49,0.0025;50,0.0034895833;51,0.00203125;52,0.0021354167;53,0.00140625;54,2.0833334E-4;55,0.0;",
		"silktouch": false,
		"dim": "overworld"
	},
	{
		"block": "oreshrubs:oreshrub_aluminum:0",
		"distrib": "0,0.0;40,0.0;41,5.2083335E-5;42,5.2083335E-5;43,0.0;",
		"silktouch": false,
		"dropsList": [
			{
				"itemStack": "oreshrubs:oreshrub_aluminum:0",
				"fortunes": {
					"0": 1.0,
					"1": 1.0,
					"2": 1.0,
					"3": 1.0
				}
			}
		],
		"dim": "overworld"
	},
	{
		"block": "minecraft:chorus_plant:0",
		"distrib": "0,0.0;56,0.0;57,5.2083335E-5;58,1.5625E-4;59,4.1666668E-4;60,0.0010416667;61,0.0015104166;62,0.0025;63,0.0026041667;64,2.6041668E-4;65,4.1666668E-4;66,3.6458333E-4;68,3.6458333E-4;69,2.6041668E-4;70,2.6041668E-4;71,3.125E-4;72,3.6458333E-4;73,2.6041668E-4;74,4.1666668E-4;75,3.125E-4;76,4.1666668E-4;77,3.125E-4;78,2.0833334E-4;79,1.0416667E-4;80,0.0;",
		"silktouch": false,
		"dropsList": [
			{
				"itemStack": "minecraft:chorus_fruit:0",
				"fortunes": {
					"0": 0.5097,
					"1": 0.5169,
					"2": 0.4968,
					"3": 0.5077
				}
			}
		],
		"dim": "the_end"
	},
	{
		"block": "biomesoplenty:biome_block:0",
		"distrib": "0,0.0;11,0.0;12,2.0833334E-4;13,3.6458333E-4;14,7.2916667E-4;15,8.854167E-4;16,0.00125;17,9.375E-4;18,0.0017708334;19,0.0020833334;20,0.0019791666;21,9.375E-4;22,0.0019270834;23,0.0015625;24,0.0011979167;25,0.0017708334;26,0.0019270834;27,9.895833E-4;28,0.0015625;29,0.0021875;30,0.0014583333;31,0.001875;32,0.0011458333;33,0.0;",
		"silktouch": true,
		"dropsList": [
			{
				"itemStack": "biomesoplenty:biome_essence:0:{biomeID:6}",
				"fortunes": {
					"0": 0.0106,
					"1": 0.0189,
					"2": 0.0255,
					"3": 0.0381
				}
			},
			{
				"itemStack": "biomesoplenty:biome_essence:0:{biomeID:82}",
				"fortunes": {
					"0": 0.0127,
					"1": 0.0195,
					"2": 0.0295,
					"3": 0.0321
				}
			},
			{
				"itemStack": "biomesoplenty:biome_essence:0:{biomeID:70}",
				"fortunes": {
					"0": 0.0159,
					"1": 0.0226,
					"2": 0.0325,
					"3": 0.0351
				}
			},
			{
				"itemStack": "biomesoplenty:biome_essence:0:{biomeID:2}",
				"fortunes": {
					"0": 0.0116,
					"1": 0.0199,
					"2": 0.0278,
					"3": 0.0267
				}
			},
			{
				"itemStack": "biomesoplenty:biome_essence:0:{biomeID:90}",
				"fortunes": {
					"0": 0.0147,
					"1": 0.0203,
					"2": 0.0256,
					"3": 0.0354
				}
			},
			{
				"itemStack": "biomesoplenty:biome_essence:0:{biomeID:100}",
				"fortunes": {
					"0": 0.0141,
					"1": 0.0219,
					"2": 0.0268,
					"3": 0.0341
				}
			},
			{
				"itemStack": "biomesoplenty:biome_essence:0:{biomeID:58}",
				"fortunes": {
					"0": 0.014,
					"1": 0.0239,
					"2": 0.0296,
					"3": 0.0344
				}
			},
			{
				"itemStack": "biomesoplenty:biome_essence:0:{biomeID:14}",
				"fortunes": {
					"0": 0.012,
					"1": 0.0185,
					"2": 0.0274,
					"3": 0.0382
				}
			},
			{
				"itemStack": "biomesoplenty:biome_essence:0:{biomeID:42}",
				"fortunes": {
					"0": 0.0134,
					"1": 0.0198,
					"2": 0.0285,
					"3": 0.0355
				}
			},
			{
				"itemStack": "biomesoplenty:biome_essence:0:{biomeID:86}",
				"fortunes": {
					"0": 0.0143,
					"1": 0.0229,
					"2": 0.0259,
					"3": 0.0308
				}
			},
			{
				"itemStack": "biomesoplenty:biome_essence:0:{biomeID:74}",
				"fortunes": {
					"0": 0.0157,
					"1": 0.0252,
					"2": 0.0255,
					"3": 0.0349
				}
			},
			{
				"itemStack": "biomesoplenty:biome_essence:0:{biomeID:30}",
				"fortunes": {
					"0": 0.0161,
					"1": 0.0202,
					"2": 0.033,
					"3": 0.035
				}
			},
			{
				"itemStack": "biomesoplenty:biome_essence:0:{biomeID:62}",
				"fortunes": {
					"0": 0.0131,
					"1": 0.0211,
					"2": 0.0256,
					"3": 0.0405
				}
			},
			{
				"itemStack": "biomesoplenty:biome_essence:0:{biomeID:50}",
				"fortunes": {
					"0": 0.0123,
					"1": 0.0185,
					"2": 0.0292,
					"3": 0.0396
				}
			},
			{
				"itemStack": "biomesoplenty:biome_essence:0:{biomeID:46}",
				"fortunes": {
					"0": 0.0083,
					"1": 0.0168,
					"2": 0.0193,
					"3": 0.035
				}
			},
			{
				"itemStack": "biomesoplenty:biome_essence:0:{biomeID:78}",
				"fortunes": {
					"0": 0.0141,
					"1": 0.0186,
					"2": 0.0279,
					"3": 0.0325
				}
			},
			{
				"itemStack": "biomesoplenty:biome_essence:0:{biomeID:66}",
				"fortunes": {
					"0": 0.0173,
					"1": 0.0204,
					"2": 0.0323,
					"3": 0.0414
				}
			},
			{
				"itemStack": "biomesoplenty:biome_essence:0:{biomeID:54}",
				"fortunes": {
					"0": 0.0124,
					"1": 0.0161,
					"2": 0.0247,
					"3": 0.0382
				}
			},
			{
				"itemStack": "biomesoplenty:biome_essence:0:{biomeID:5}",
				"fortunes": {
					"0": 0.0119,
					"1": 0.0212,
					"2": 0.0239,
					"3": 0.0382
				}
			},
			{
				"itemStack": "biomesoplenty:biome_essence:0:{biomeID:93}",
				"fortunes": {
					"0": 0.0126,
					"1": 0.0185,
					"2": 0.0229,
					"3": 0.033
				}
			},
			{
				"itemStack": "biomesoplenty:biome_essence:0:{biomeID:81}",
				"fortunes": {
					"0": 0.0153,
					"1": 0.0224,
					"2": 0.0374,
					"3": 0.0374
				}
			},
			{
				"itemStack": "biomesoplenty:biome_essence:0:{biomeID:1}",
				"fortunes": {
					"0": 0.0139,
					"1": 0.0171,
					"2": 0.0274,
					"3": 0.0342
				}
			},
			{
				"itemStack": "biomesoplenty:biome_essence:0:{biomeID:101}",
				"fortunes": {
					"0": 0.0103,
					"1": 0.0194,
					"2": 0.0282,
					"3": 0.0349
				}
			},
			{
				"itemStack": "biomesoplenty:biome_essence:0:{biomeID:49}",
				"fortunes": {
					"0": 0.0155,
					"1": 0.0187,
					"2": 0.0283,
					"3": 0.0372
				}
			},
			{
				"itemStack": "biomesoplenty:biome_essence:0:{biomeID:37}",
				"fortunes": {
					"0": 0.0153,
					"1": 0.0223,
					"2": 0.0298,
					"3": 0.0303
				}
			},
			{
				"itemStack": "biomesoplenty:biome_essence:0:{biomeID:69}",
				"fortunes": {
					"0": 0.0133,
					"1": 0.0222,
					"2": 0.0299,
					"3": 0.035
				}
			},
			{
				"itemStack": "biomesoplenty:biome_essence:0:{biomeID:29}",
				"fortunes": {
					"0": 0.0125,
					"1": 0.0202,
					"2": 0.0229,
					"3": 0.0359
				}
			},
			{
				"itemStack": "biomesoplenty:biome_essence:0:{biomeID:53}",
				"fortunes": {
					"0": 0.0134,
					"1": 0.0213,
					"2": 0.0234,
					"3": 0.037
				}
			},
			{
				"itemStack": "biomesoplenty:biome_essence:0:{biomeID:85}",
				"fortunes": {
					"0": 0.0142,
					"1": 0.0188,
					"2": 0.0248,
					"3": 0.0272
				}
			},
			{
				"itemStack": "biomesoplenty:biome_essence:0:{biomeID:73}",
				"fortunes": {
					"0": 0.0141,
					"1": 0.0209,
					"2": 0.0303,
					"3": 0.0324
				}
			},
			{
				"itemStack": "biomesoplenty:biome_essence:0:{biomeID:61}",
				"fortunes": {
					"0": 0.0136,
					"1": 0.0222,
					"2": 0.0311,
					"3": 0.0375
				}
			},
			{
				"itemStack": "biomesoplenty:biome_essence:0:{biomeID:57}",
				"fortunes": {
					"0": 0.0141,
					"1": 0.0203,
					"2": 0.0263,
					"3": 0.0379
				}
			},
			{
				"itemStack": "biomesoplenty:biome_essence:0:{biomeID:89}",
				"fortunes": {
					"0": 0.0142,
					"1": 0.0214,
					"2": 0.0306,
					"3": 0.0398
				}
			},
			{
				"itemStack": "biomesoplenty:biome_essence:0:{biomeID:45}",
				"fortunes": {
					"0": 0.014,
					"1": 0.0233,
					"2": 0.0281,
					"3": 0.0384
				}
			},
			{
				"itemStack": "biomesoplenty:biome_essence:0:{biomeID:77}",
				"fortunes": {
					"0": 0.0141,
					"1": 0.0174,
					"2": 0.0236,
					"3": 0.0348
				}
			},
			{
				"itemStack": "biomesoplenty:biome_essence:0:{biomeID:21}",
				"fortunes": {
					"0": 0.0153,
					"1": 0.0193,
					"2": 0.0275,
					"3": 0.0355
				}
			},
			{
				"itemStack": "biomesoplenty:biome_essence:0:{biomeID:65}",
				"fortunes": {
					"0": 0.0126,
					"1": 0.0214,
					"2": 0.0266,
					"3": 0.0339
				}
			},
			{
				"itemStack": "biomesoplenty:biome_essence:0:{biomeID:60}",
				"fortunes": {
					"0": 0.0113,
					"1": 0.0186,
					"2": 0.0246,
					"3": 0.0392
				}
			},
			{
				"itemStack": "biomesoplenty:biome_essence:0:{biomeID:4}",
				"fortunes": {
					"0": 0.0163,
					"1": 0.0232,
					"2": 0.0326,
					"3": 0.0364
				}
			},
			{
				"itemStack": "biomesoplenty:biome_essence:0:{biomeID:92}",
				"fortunes": {
					"0": 0.0103,
					"1": 0.0198,
					"2": 0.0284,
					"3": 0.0355
				}
			},
			{
				"itemStack": "biomesoplenty:biome_essence:0:{biomeID:80}",
				"fortunes": {
					"0": 0.0137,
					"1": 0.0211,
					"2": 0.0301,
					"3": 0.0348
				}
			},
			{
				"itemStack": "biomesoplenty:biome_essence:0:{biomeID:102}",
				"fortunes": {
					"0": 0.0159,
					"1": 0.0248,
					"2": 0.0288,
					"3": 0.0394
				}
			},
			{
				"itemStack": "biomesoplenty:biome_essence:0:{biomeID:48}",
				"fortunes": {
					"0": 0.0129,
					"1": 0.0238,
					"2": 0.0281,
					"3": 0.0327
				}
			},
			{
				"itemStack": "biomesoplenty:biome_essence:0:{biomeID:64}",
				"fortunes": {
					"0": 0.0111,
					"1": 0.0184,
					"2": 0.0262,
					"3": 0.0326
				}
			},
			{
				"itemStack": "biomesoplenty:biome_essence:0:{biomeID:52}",
				"fortunes": {
					"0": 0.0127,
					"1": 0.0181,
					"2": 0.0239,
					"3": 0.0345
				}
			},
			{
				"itemStack": "biomesoplenty:biome_essence:0:{biomeID:84}",
				"fortunes": {
					"0": 0.0107,
					"1": 0.0199,
					"2": 0.022,
					"3": 0.0281
				}
			},
			{
				"itemStack": "biomesoplenty:biome_essence:0:{biomeID:72}",
				"fortunes": {
					"0": 0.0128,
					"1": 0.0204,
					"2": 0.0268,
					"3": 0.037
				}
			},
			{
				"itemStack": "biomesoplenty:biome_essence:0:{biomeID:68}",
				"fortunes": {
					"0": 0.0148,
					"1": 0.0224,
					"2": 0.0299,
					"3": 0.0309
				}
			},
			{
				"itemStack": "biomesoplenty:biome_essence:0:{biomeID:12}",
				"fortunes": {
					"0": 0.0153,
					"1": 0.0235,
					"2": 0.0278,
					"3": 0.0328
				}
			},
			{
				"itemStack": "biomesoplenty:biome_essence:0:{biomeID:56}",
				"fortunes": {
					"0": 0.0142,
					"1": 0.0189,
					"2": 0.0292,
					"3": 0.0343
				}
			},
			{
				"itemStack": "biomesoplenty:biome_essence:0:{biomeID:44}",
				"fortunes": {
					"0": 0.0177,
					"1": 0.0255,
					"2": 0.0335,
					"3": 0.0332
				}
			},
			{
				"itemStack": "biomesoplenty:biome_essence:0:{biomeID:88}",
				"fortunes": {
					"0": 0.0101,
					"1": 0.0189,
					"2": 0.0289,
					"3": 0.0317
				}
			},
			{
				"itemStack": "biomesoplenty:biome_essence:0:{biomeID:32}",
				"fortunes": {
					"0": 0.0196,
					"1": 0.0256,
					"2": 0.0335,
					"3": 0.0409
				}
			},
			{
				"itemStack": "biomesoplenty:biome_essence:0:{biomeID:76}",
				"fortunes": {
					"0": 0.0175,
					"1": 0.0225,
					"2": 0.0336,
					"3": 0.0406
				}
			},
			{
				"itemStack": "biomesoplenty:biome_essence:0:{biomeID:71}",
				"fortunes": {
					"0": 0.0158,
					"1": 0.0267,
					"2": 0.0337,
					"3": 0.0437
				}
			},
			{
				"itemStack": "biomesoplenty:biome_essence:0:{biomeID:3}",
				"fortunes": {
					"0": 0.0138,
					"1": 0.0218,
					"2": 0.028,
					"3": 0.0329
				}
			},
			{
				"itemStack": "biomesoplenty:biome_essence:0:{biomeID:91}",
				"fortunes": {
					"0": 0.0149,
					"1": 0.0236,
					"2": 0.0322,
					"3": 0.0344
				}
			},
			{
				"itemStack": "biomesoplenty:biome_essence:0:{biomeID:103}",
				"fortunes": {
					"0": 0.0158,
					"1": 0.0197,
					"2": 0.0284,
					"3": 0.0397
				}
			},
			{
				"itemStack": "biomesoplenty:biome_essence:0:{biomeID:27}",
				"fortunes": {
					"0": 0.0164,
					"1": 0.0266,
					"2": 0.027,
					"3": 0.0384
				}
			},
			{
				"itemStack": "biomesoplenty:biome_essence:0:{biomeID:59}",
				"fortunes": {
					"0": 0.0134,
					"1": 0.0201,
					"2": 0.0242,
					"3": 0.0377
				}
			},
			{
				"itemStack": "biomesoplenty:biome_essence:0:{biomeID:47}",
				"fortunes": {
					"0": 0.0143,
					"1": 0.0158,
					"2": 0.0252,
					"3": 0.0363
				}
			},
			{
				"itemStack": "biomesoplenty:biome_essence:0:{biomeID:110}",
				"fortunes": {
					"0": 0.0134,
					"1": 0.0195,
					"2": 0.025,
					"3": 0.0294
				}
			},
			{
				"itemStack": "biomesoplenty:biome_essence:0:{biomeID:75}",
				"fortunes": {
					"0": 0.0123,
					"1": 0.0205,
					"2": 0.0265,
					"3": 0.0432
				}
			},
			{
				"itemStack": "biomesoplenty:biome_essence:0:{biomeID:63}",
				"fortunes": {
					"0": 0.0169,
					"1": 0.0182,
					"2": 0.0218,
					"3": 0.0346
				}
			},
			{
				"itemStack": "biomesoplenty:biome_essence:0:{biomeID:51}",
				"fortunes": {
					"0": 0.0154,
					"1": 0.0231,
					"2": 0.0295,
					"3": 0.0305
				}
			},
			{
				"itemStack": "biomesoplenty:biome_essence:0:{biomeID:83}",
				"fortunes": {
					"0": 0.0157,
					"1": 0.0221,
					"2": 0.034,
					"3": 0.0367
				}
			},
			{
				"itemStack": "biomesoplenty:biome_essence:0:{biomeID:79}",
				"fortunes": {
					"0": 0.0157,
					"1": 0.0219,
					"2": 0.0274,
					"3": 0.0369
				}
			},
			{
				"itemStack": "biomesoplenty:biome_essence:0:{biomeID:35}",
				"fortunes": {
					"0": 0.0141,
					"1": 0.0216,
					"2": 0.0255,
					"3": 0.03
				}
			},
			{
				"itemStack": "biomesoplenty:biome_essence:0:{biomeID:67}",
				"fortunes": {
					"0": 0.0102,
					"1": 0.0218,
					"2": 0.0271,
					"3": 0.0353
				}
			},
			{
				"itemStack": "biomesoplenty:biome_essence:0:{biomeID:55}",
				"fortunes": {
					"0": 0.0154,
					"1": 0.023,
					"2": 0.0283,
					"3": 0.0346
				}
			},
			{
				"itemStack": "biomesoplenty:biome_essence:0:{biomeID:43}",
				"fortunes": {
					"0": 0.015,
					"1": 0.0229,
					"2": 0.0222,
					"3": 0.0398
				}
			},
			{
				"itemStack": "biomesoplenty:biome_essence:0:{biomeID:87}",
				"fortunes": {
					"0": 0.0118,
					"1": 0.0169,
					"2": 0.0264,
					"3": 0.0338
				}
			}
		],
		"dim": "the_end"
	},
	{
		"block": "oreshrubs:oreshrub_draconium:0",
		"distrib": "0,0.0;16,0.0;17,5.2083335E-5;18,0.0;",
		"silktouch": false,
		"dropsList": [
			{
				"itemStack": "oreshrubs:oreshrub_draconium:0",
				"fortunes": {
					"0": 1.0,
					"1": 1.0,
					"2": 1.0,
					"3": 1.0
				}
			}
		],
		"dim": "the_end"
	},
	{
		"block": "minecraft:air:0",
		"distrib": "0,0.72;7,0.72;8,0.71994793;9,0.71953124;10,0.7191667;11,0.7109896;12,0.6700521;13,0.60005206;14,0.53197914;15,0.44484374;16,0.3778125;17,0.3284375;18,0.2944271;19,0.26869792;20,0.24828126;21,0.23177083;22,0.2159375;23,0.20125;24,0.18864584;25,0.17661458;26,0.16494791;27,0.15369792;28,0.14317708;29,0.13578124;30,0.1284375;31,0.1225;32,0.1184375;33,0.11755209;34,0.116458334;35,0.115833335;36,0.11484375;37,0.11541667;38,0.11572917;39,0.11666667;40,0.1175;41,0.118125;42,0.118854165;43,0.119479164;44,0.12026042;45,0.1221875;46,0.12489583;47,0.12760417;48,0.014583333;49,0.014375;50,0.014114583;51,0.013958333;52,0.0138541665;53,0.01421875;54,0.015104166;55,0.01765625;56,0.020572918;57,0.033125;58,0.064166665;59,0.13552083;60,0.19953126;61,0.26046875;62,0.30505207;63,0.33416668;64,0.02640625;65,0.02625;67,0.02625;68,0.026302082;69,0.026354166;70,0.02640625;71,0.026354166;72,0.02625;73,0.02640625;74,0.02625;75,0.026302082;76,0.02625;77,0.026354166;78,0.026354166;79,0.026458334;80,0.0;",
		"silktouch": false,
		"dim": "the_end"
	},
	{
		"block": "minecraft:end_stone:0",
		"distrib": "0,0.0;10,0.0;11,0.0061458335;12,0.044375;13,0.111614585;14,0.181875;15,0.2678125;16,0.33557293;17,0.38614583;18,0.42005208;19,0.44739583;20,0.4659375;21,0.4816146;22,0.4928125;23,0.5086979;24,0.52265626;25,0.53697914;26,0.5475521;27,0.5594792;28,0.56927085;29,0.57671875;30,0.5834896;31,0.5907292;32,0.59546876;33,0.59760416;34,0.5991667;35,0.5990104;36,0.5986979;37,0.5935938;38,0.595;39,0.59489584;40,0.598125;41,0.5986458;42,0.59739584;43,0.59520835;44,0.59421873;45,0.59265625;46,0.5909896;47,0.5878125;48,0.3290625;49,0.32958335;50,0.33072916;51,0.33177084;52,0.33197916;53,0.33140624;54,0.330625;55,0.32708332;56,0.32119793;57,0.3075;58,0.27729166;59,0.208125;60,0.145625;61,0.084583335;62,0.038854167;63,0.0096875;64,0.0;",
		"silktouch": false,
		"dim": "the_end"
	},
	{
		"block": "draconicevolution:draconium_ore:2",
		"distrib": "0,0.0;12,0.0;13,2.0833334E-4;14,0.0;15,0.0;16,4.1666668E-4;17,2.0833334E-4;18,4.1666668E-4;19,0.0;21,0.0;22,3.125E-4;23,3.6458333E-4;24,4.1666668E-4;25,2.0833334E-4;26,0.0;27,2.0833334E-4;28,0.0;29,0.0;30,2.0833334E-4;31,2.0833334E-4;32,0.0;33,2.0833334E-4;34,0.0;35,0.0;36,2.0833334E-4;39,2.0833334E-4;40,0.0;41,2.0833334E-4;42,2.0833334E-4;43,1.0416667E-4;44,0.0;45,3.125E-4;46,0.0;47,0.0;48,2.0833334E-4;49,0.0;54,0.0;55,3.125E-4;56,0.0;57,2.0833334E-4;58,0.0;59,2.6041668E-4;60,0.0;",
		"silktouch": true,
		"dropsList": [
			{
				"itemStack": "draconicevolution:draconium_dust:0",
				"fortunes": {
					"0": 2.4998,
					"1": 3.5196,
					"2": 4.5093,
					"3": 5.4588
				}
			}
		],
		"dim": "the_end"
	},
	{
		"block": "minecraft:chorus_flower:0",
		"distrib": "0,0.0;62,0.0;63,1.5625E-4;64,0.0;65,0.0;66,5.2083335E-5;67,5.2083335E-5;68,0.0;69,5.2083335E-5;70,0.0;71,0.0;72,5.2083335E-5;73,0.0;74,0.0;75,5.2083335E-5;76,0.0;77,0.0;78,1.0416667E-4;79,1.0416667E-4;80,0.0;",
		"silktouch": false,
		"dim": "the_end"
	},
	{
		"block": "biomesoplenty:crystal:0",
		"distrib": "0,0.0;7,0.0;8,5.2083335E-5;9,4.6875E-4;10,8.3333335E-4;11,0.0028645834;12,0.00484375;13,0.005520833;14,0.0030208332;15,0.0026041667;16,8.3333335E-4;17,2.0833334E-4;18,4.6875E-4;19,3.6458333E-4;20,3.125E-4;21,1.5625E-4;22,3.125E-4;23,5.7291664E-4;24,6.25E-4;25,5.7291664E-4;26,6.770833E-4;27,3.6458333E-4;28,6.770833E-4;29,3.125E-4;30,9.375E-4;31,6.770833E-4;32,4.6875E-4;33,3.6458333E-4;34,6.25E-4;35,4.1666668E-4;36,2.6041668E-4;37,5.7291664E-4;38,5.2083336E-4;39,7.8125E-4;40,3.6458333E-4;41,6.25E-4;42,2.6041668E-4;43,2.6041668E-4;44,1.5625E-4;45,4.6875E-4;46,3.6458333E-4;47,4.1666668E-4;48,1.0416667E-4;49,2.6041668E-4;50,5.2083335E-5;51,2.6041668E-4;52,3.125E-4;53,3.125E-4;54,2.0833334E-4;55,3.125E-4;56,4.6875E-4;57,3.6458333E-4;58,2.0833334E-4;59,3.6458333E-4;60,5.2083335E-5;61,5.2083335E-5;62,2.0833334E-4;63,0.0;",
		"silktouch": true,
		"dropsList": [
			{
				"itemStack": "biomesoplenty:crystal_shard:0",
				"fortunes": {
					"0": 4.0,
					"1": 4.0,
					"2": 4.0,
					"3": 4.0
				}
			}
		],
		"dim": "the_end"
	},
	{
		"block": "biomesoplenty:gem_ore:0",
		"distrib": "0,0.0;11,0.0;12,2.0833334E-4;13,2.0833334E-4;14,6.770833E-4;15,8.854167E-4;16,7.8125E-4;17,0.00140625;18,0.0017708334;19,8.3333335E-4;20,0.00140625;21,0.0015104166;22,0.001875;23,0.0013020834;24,0.0024479167;25,0.0013020834;26,0.0022916666;27,0.0022916666;28,0.0019791666;29,0.0019791666;30,0.0024479167;31,0.0021875;32,0.00125;33,0.0;",
		"silktouch": true,
		"dropsList": [
			{
				"itemStack": "biomesoplenty:gem:0",
				"fortunes": {
					"0": 1.0,
					"1": 1.3381,
					"2": 1.7433,
					"3": 2.1862
				}
			}
		],
		"dim": "the_end"
	},
	{
		"block": "thermalfoundation:ore_fluid:4",
		"distrib": "0,0.0;11,0.0;12,3.125E-4;13,0.00203125;14,0.00171875;15,0.00296875;16,0.0033333334;17,0.0026041667;18,0.00109375;19,6.25E-4;20,0.0020833334;21,0.0040104166;22,0.0068229167;23,0.00625;24,0.0040104166;25,0.0025520832;26,0.0026041667;27,0.00296875;28,0.0033333334;29,0.0030208332;30,0.0030208332;31,0.0018229167;32,0.0032291666;33,0.0042708335;34,0.00375;35,0.0047395835;36,0.005989583;37,0.010208333;38,0.008541667;39,0.0074479165;40,0.0040104166;41,0.0023958334;42,0.00328125;43,0.0049479166;44,0.0053645833;45,0.004375;46,0.00375;47,0.004166667;48,0.0027083333;49,0.0024479167;50,0.0017708334;51,6.770833E-4;52,5.2083336E-4;53,7.2916667E-4;54,7.2916667E-4;55,0.0013020834;56,0.0044270833;57,0.0054166666;58,0.00484375;59,0.0019791666;60,4.1666668E-4;61,0.0;",
		"silktouch": true,
		"dropsList": [
			{
				"itemStack": "thermalfoundation:material:895",
				"fortunes": {
					"0": 1.0,
					"1": 1.4984,
					"2": 2.0111,
					"3": 2.5057
				}
			}
		],
		"dim": "the_end"
	},
	{
		"block": "forestry:beehives:4",
		"distrib": "0,0.0;60,0.0;61,5.2083335E-5;63,5.2083335E-5;64,0.0;",
		"silktouch": false,
		"dropsList": [
			{
				"itemStack": "forestry:bee_combs:8",
				"fortunes": {
					"0": 0.8989,
					"1": 0.9004,
					"2": 0.8997,
					"3": 0.8989
				}
			},
			{
				"itemStack": "forestry:bee_drone_ge:0:{MaxH:60,Health:60,IsAnalyzed:0b,Genome:{Chromosomes:[{UID1:\"forestry.speciesEnded\",UID0:\"forestry.speciesEnded\",Slot:0b},{UID1:\"forestry.speedSlower\",UID0:\"forestry.speedSlower\",Slot:1b},{UID1:\"forestry.lifespanLonger\",UID0:\"forestry.lifespanLonger\",Slot:2b},{UID1:\"forestry.fertilityLow\",UID0:\"forestry.fertilityLow\",Slot:3b},{UID1:\"forestry.toleranceUp1\",UID0:\"forestry.toleranceUp1\",Slot:4b},{UID1:\"forestry.boolTrue\",UID0:\"forestry.boolTrue\",Slot:5b},{UID1:\"forestry.toleranceNone\",UID0:\"forestry.toleranceNone\",Slot:6b},{UID1:\"forestry.boolFalse\",UID0:\"forestry.boolFalse\",Slot:7b},{UID1:\"forestry.boolFalse\",UID0:\"forestry.boolFalse\",Slot:8b},{UID1:\"forestry.flowersEnd\",UID0:\"forestry.flowersEnd\",Slot:9b},{UID1:\"forestry.floweringSlowest\",UID0:\"forestry.floweringSlowest\",Slot:10b},{UID1:\"forestry.territoryLarge\",UID0:\"forestry.territoryLarge\",Slot:11b},{UID1:\"forestry.effectMisanthrope\",UID0:\"forestry.effectMisanthrope\",Slot:12b}]}}",
				"fortunes": {
					"0": 0.902,
					"1": 0.8983,
					"2": 0.8966,
					"3": 0.8986
				}
			},
			{
				"itemStack": "forestry:bee_princess_ge:0:{MaxH:60,Health:60,IsAnalyzed:0b,Genome:{Chromosomes:[{UID1:\"forestry.speciesEnded\",UID0:\"forestry.speciesEnded\",Slot:0b},{UID1:\"forestry.speedSlower\",UID0:\"forestry.speedSlower\",Slot:1b},{UID1:\"forestry.lifespanLonger\",UID0:\"forestry.lifespanLonger\",Slot:2b},{UID1:\"forestry.fertilityLow\",UID0:\"forestry.fertilityLow\",Slot:3b},{UID1:\"forestry.toleranceUp1\",UID0:\"forestry.toleranceUp1\",Slot:4b},{UID1:\"forestry.boolTrue\",UID0:\"forestry.boolTrue\",Slot:5b},{UID1:\"forestry.toleranceNone\",UID0:\"forestry.toleranceNone\",Slot:6b},{UID1:\"forestry.boolFalse\",UID0:\"forestry.boolFalse\",Slot:7b},{UID1:\"forestry.boolFalse\",UID0:\"forestry.boolFalse\",Slot:8b},{UID1:\"forestry.flowersEnd\",UID0:\"forestry.flowersEnd\",Slot:9b},{UID1:\"forestry.floweringSlowest\",UID0:\"forestry.floweringSlowest\",Slot:10b},{UID1:\"forestry.territoryLarge\",UID0:\"forestry.territoryLarge\",Slot:11b},{UID1:\"forestry.effectMisanthrope\",UID0:\"forestry.effectMisanthrope\",Slot:12b}]}}",
				"fortunes": {
					"0": 1.0,
					"1": 1.0,
					"2": 1.0,
					"3": 1.0
				}
			}
		],
		"dim": "the_end"
	}
]